10.000000 10.000000 10.000000 10.000000 10.000000 10.000000 10.000000 10.000000 10.000000 10.000000 
10.000000 9.120228 8.437737 7.974016 7.736327 7.747074 8.029696 8.564421 9.264723 10.000000 
10.000000 8.437737 7.209119 6.364851 5.930548 5.951012 6.463669 7.427401 8.683611 10.000000 
10.000000 7.974017 6.364851 5.249111 4.672346 4.699869 5.380447 6.649408 8.290159 10.000000 
10.000000 7.736327 5.930548 4.672346 4.023546 4.068551 4.854218 6.287500 8.114161 10.000000 
10.000000 7.747074 5.951012 4.699869 4.068551 4.144481 4.955225 6.384832 8.173502 10.000000 
10.000000 8.029696 6.463669 5.380448 4.854218 4.955225 5.686424 6.929202 8.456131 10.000000 
10.000000 8.564422 7.427401 6.649408 6.287501 6.384832 6.929202 7.825510 8.910638 10.000000 
10.000000 9.264723 8.683612 8.290159 8.114161 8.173502 8.456131 8.910637 9.455318 10.000000 
10.000000 10.000000 10.000000 10.000000 10.000000 10.000000 10.000000 10.000000 10.000000 10.000000 
