10.000000 10.000000 10.000000 10.000000 10.000000 10.000000 10.000000 10.000000 10.000000 10.000000 
10.000000 9.369793 8.861844 8.512684 8.348766 8.386009 8.619270 9.012079 9.498764 10.000000 
10.000000 8.861844 7.942483 7.311121 7.018515 7.092749 7.520132 8.230417 9.103994 10.000000 
10.000000 8.512684 7.311121 6.488857 6.114785 6.223175 6.789530 7.716389 8.846643 10.000000 
10.000000 8.348766 7.018515 6.114784 5.714265 5.849864 6.486186 7.509437 8.745613 10.000000 
10.000000 8.386009 7.092748 6.223174 5.849864 5.998200 6.625590 7.616557 8.802753 10.000000 
10.000000 8.619270 7.520132 6.789530 6.486186 6.625590 7.165210 8.003777 8.999472 10.000000 
10.000000 9.012079 8.230417 7.716390 7.509438 7.616557 8.003777 8.597567 9.298180 10.000000 
10.000000 9.498764 9.103994 8.846643 8.745613 8.802753 8.999472 9.298180 9.649090 10.000000 
10.000000 10.000000 10.000000 10.000000 10.000000 10.000000 10.000000 10.000000 10.000000 10.000000 
