10.000000 10.000000 10.000000 10.000000 10.000000 10.000000 10.000000 10.000000 10.000000 10.000000 
10.000000 9.697155 9.458694 9.305425 9.247839 9.284721 9.403233 9.580957 9.789678 10.000000 
10.000000 9.458694 9.033827 8.762151 8.661581 8.729021 8.940891 9.257013 9.627336 10.000000 
10.000000 9.305425 8.762151 8.416638 8.290720 8.379225 8.651105 9.054671 9.526194 10.000000 
10.000000 9.247839 8.661581 8.290719 8.157646 8.255520 8.549915 8.984743 9.491510 10.000000 
10.000000 9.284721 8.729021 8.379224 8.255518 8.350319 8.630219 9.041800 9.520393 10.000000 
10.000000 9.403232 8.940891 8.651104 8.549913 8.630219 8.863674 9.205677 9.602620 10.000000 
10.000000 9.580956 9.257013 9.054670 8.984742 9.041800 9.205677 9.445044 9.722467 10.000000 
10.000000 9.789677 9.627335 9.526194 9.491510 9.520393 9.602620 9.722467 9.861234 10.000000 
10.000000 10.000000 10.000000 10.000000 10.000000 10.000000 10.000000 10.000000 10.000000 10.000000 
