10.000000 10.000000 10.000000 10.000000 10.000000 10.000000 10.000000 10.000000 10.000000 10.000000 
10.000000 9.758574 9.570002 9.450484 9.407368 9.438531 9.532980 9.672770 9.835960 10.000000 
10.000000 9.570003 9.234959 9.023420 8.947960 9.004282 9.172480 9.420555 9.709660 10.000000 
10.000000 9.450484 9.023420 8.754848 8.660156 8.733189 8.948096 9.263945 9.631371 10.000000 
10.000000 9.407368 8.947960 8.660156 8.559834 8.639677 8.871392 9.210796 9.604946 10.000000 
10.000000 9.438530 9.004282 8.733189 8.639677 8.716233 8.935706 9.256208 9.627838 10.000000 
10.000000 9.532978 9.172478 8.948095 8.871392 8.935706 9.118211 9.384052 9.691912 10.000000 
10.000000 9.672770 9.420554 9.263945 9.210795 9.256208 9.384052 9.569904 9.784924 10.000000 
10.000000 9.835960 9.709659 9.631371 9.604946 9.627838 9.691912 9.784924 9.892462 10.000000 
10.000000 10.000000 10.000000 10.000000 10.000000 10.000000 10.000000 10.000000 10.000000 10.000000 
