10.000000 10.000000 10.000000 10.000000 10.000000 10.000000 10.000000 10.000000 10.000000 10.000000 
10.000000 9.661850 9.394309 9.220854 9.154045 9.193571 9.325838 9.525935 9.761867 10.000000 
10.000000 9.394309 8.916767 8.608959 8.492361 8.565208 8.802272 9.158729 9.577752 10.000000 
10.000000 9.220854 8.608959 8.216991 8.071126 8.167511 8.472585 8.928455 9.462651 10.000000 
10.000000 9.154045 8.492361 8.071126 7.917148 8.024574 8.355849 8.847916 9.422768 10.000000 
10.000000 9.193571 8.565208 8.167509 8.024573 8.129356 8.445121 8.911617 9.455107 10.000000 
10.000000 9.325838 8.802271 8.472584 8.355848 8.445120 8.709024 9.097130 9.548262 10.000000 
10.000000 9.525934 9.158728 8.928454 8.847914 8.911617 9.097130 9.368971 9.684410 10.000000 
10.000000 9.761866 9.577751 9.462651 9.422768 9.455107 9.548263 9.684410 9.842205 10.000000 
10.000000 10.000000 10.000000 10.000000 10.000000 10.000000 10.000000 10.000000 10.000000 10.000000 
