10.000000 10.000000 10.000000 10.000000 10.000000 10.000000 10.000000 10.000000 10.000000 10.000000 
10.000000 9.300251 8.739586 8.353071 8.165770 8.196919 8.447693 8.883604 9.431956 10.000000 
10.000000 8.739587 7.724512 7.023122 6.685464 6.747579 7.207469 7.997090 8.982977 10.000000 
10.000000 8.353071 7.023122 6.103851 5.666593 5.759000 6.371418 7.406480 8.686796 10.000000 
10.000000 8.165770 6.685464 5.666593 5.192766 5.313746 6.008333 7.158814 8.566189 10.000000 
10.000000 8.196918 6.747578 5.759000 5.313746 5.453683 6.146536 7.268985 8.626370 10.000000 
10.000000 8.447692 7.207469 6.371418 6.008333 6.146536 6.748989 7.704830 8.848842 10.000000 
10.000000 8.883604 7.997090 7.406480 7.158815 7.268984 7.704830 8.384498 9.191356 10.000000 
10.000000 9.431955 8.982977 8.686796 8.566189 8.626369 8.848842 9.191356 9.595678 10.000000 
10.000000 10.000000 10.000000 10.000000 10.000000 10.000000 10.000000 10.000000 10.000000 10.000000 
