Posicion                     Velocidad
-5.385202, -0.840171, -0.229015, 0.401746, -2.380712, -1.030227
-5.384800, -0.842552, -0.230045, 0.403056, -2.380507, -1.030172
-5.384397, -0.844932, -0.231075, 0.404365, -2.380302, -1.030115
-5.383993, -0.847313, -0.232106, 0.405674, -2.380096, -1.030059
-5.383587, -0.849693, -0.233136, 0.406984, -2.379889, -1.030002
-5.383180, -0.852073, -0.234166, 0.408293, -2.379682, -1.029945
-5.382772, -0.854452, -0.235196, 0.409602, -2.379474, -1.029888
-5.382362, -0.856832, -0.236225, 0.410911, -2.379266, -1.029831
-5.381951, -0.859211, -0.237255, 0.412219, -2.379057, -1.029773
-5.381539, -0.861590, -0.238285, 0.413528, -2.378847, -1.029715
-5.381126, -0.863969, -0.239315, 0.414836, -2.378637, -1.029657
-5.380711, -0.866347, -0.240344, 0.416145, -2.378427, -1.029598
-5.380295, -0.868726, -0.241374, 0.417453, -2.378215, -1.029540
-5.379877, -0.871104, -0.242404, 0.418761, -2.378004, -1.029481
-5.379458, -0.873482, -0.243433, 0.420069, -2.377791, -1.029422
-5.379038, -0.875860, -0.244462, 0.421377, -2.377578, -1.029362
-5.378617, -0.878237, -0.245492, 0.422685, -2.377365, -1.029302
-5.378194, -0.880615, -0.246521, 0.423993, -2.377151, -1.029242
-5.377770, -0.882992, -0.247550, 0.425301, -2.376936, -1.029182
-5.377345, -0.885369, -0.248580, 0.426608, -2.376721, -1.029122
-5.376918, -0.887746, -0.249609, 0.427916, -2.376505, -1.029061
-5.376490, -0.890122, -0.250638, 0.429223, -2.376288, -1.029000
-5.376061, -0.892498, -0.251667, 0.430530, -2.376071, -1.028939
-5.375631, -0.894875, -0.252696, 0.431837, -2.375854, -1.028878
-5.375199, -0.897250, -0.253725, 0.433144, -2.375636, -1.028816
-5.374766, -0.899626, -0.254753, 0.434451, -2.375417, -1.028754
-5.374331, -0.902001, -0.255782, 0.435758, -2.375198, -1.028692
-5.373896, -0.904377, -0.256811, 0.437064, -2.374978, -1.028629
-5.373458, -0.906752, -0.257839, 0.438371, -2.374757, -1.028567
-5.373020, -0.909126, -0.258868, 0.439677, -2.374536, -1.028504
-5.372580, -0.911501, -0.259896, 0.440983, -2.374315, -1.028440
-5.372139, -0.913875, -0.260925, 0.442290, -2.374092, -1.028377
-5.371697, -0.916249, -0.261953, 0.443596, -2.373870, -1.028313
-5.371254, -0.918623, -0.262982, 0.444901, -2.373646, -1.028249
-5.370809, -0.920997, -0.264010, 0.446207, -2.373422, -1.028185
-5.370362, -0.923370, -0.265038, 0.447513, -2.373198, -1.028121
-5.369915, -0.925743, -0.266066, 0.448819, -2.372973, -1.028056
-5.369466, -0.928116, -0.267094, 0.450124, -2.372747, -1.027991
-5.369016, -0.930489, -0.268122, 0.451429, -2.372521, -1.027926
-5.368565, -0.932862, -0.269150, 0.452734, -2.372294, -1.027860
-5.368112, -0.935234, -0.270178, 0.454040, -2.372067, -1.027795
-5.367658, -0.937606, -0.271206, 0.455345, -2.371839, -1.027729
-5.367202, -0.939978, -0.272234, 0.456649, -2.371610, -1.027663
-5.366746, -0.942349, -0.273261, 0.457954, -2.371381, -1.027596
-5.366288, -0.944721, -0.274289, 0.459259, -2.371151, -1.027530
-5.365829, -0.947092, -0.275316, 0.460563, -2.370921, -1.027463
-5.365368, -0.949463, -0.276344, 0.461868, -2.370690, -1.027395
-5.364906, -0.951834, -0.277371, 0.463172, -2.370459, -1.027328
-5.364443, -0.954204, -0.278398, 0.464476, -2.370227, -1.027260
-5.363979, -0.956574, -0.279426, 0.465780, -2.369994, -1.027192
-5.363513, -0.958944, -0.280453, 0.467084, -2.369761, -1.027124
-5.363046, -0.961314, -0.281480, 0.468388, -2.369528, -1.027056
-5.362577, -0.963684, -0.282507, 0.469691, -2.369293, -1.026987
-5.362108, -0.966053, -0.283534, 0.470995, -2.369058, -1.026918
-5.361637, -0.968422, -0.284561, 0.472298, -2.368823, -1.026849
-5.361164, -0.970791, -0.285588, 0.473602, -2.368587, -1.026780
-5.360691, -0.973159, -0.286615, 0.474905, -2.368351, -1.026710
-5.360216, -0.975528, -0.287641, 0.476208, -2.368113, -1.026640
-5.359740, -0.977896, -0.288668, 0.477511, -2.367876, -1.026570
-5.359262, -0.980264, -0.289695, 0.478813, -2.367637, -1.026499
-5.358783, -0.982631, -0.290721, 0.480116, -2.367398, -1.026429
-5.358303, -0.984999, -0.291748, 0.481419, -2.367159, -1.026358
-5.357822, -0.987366, -0.292774, 0.482721, -2.366919, -1.026287
-5.357339, -0.989733, -0.293800, 0.484023, -2.366678, -1.026215
-5.356855, -0.992099, -0.294826, 0.485326, -2.366437, -1.026144
-5.356370, -0.994466, -0.295853, 0.486628, -2.366196, -1.026072
-5.355883, -0.996832, -0.296879, 0.487930, -2.365953, -1.025999
-5.355395, -0.999198, -0.297905, 0.489231, -2.365710, -1.025927
-5.354906, -1.001564, -0.298931, 0.490533, -2.365467, -1.025854
-5.354415, -1.003929, -0.299956, 0.491835, -2.365223, -1.025781
-5.353923, -1.006294, -0.300982, 0.493136, -2.364978, -1.025708
-5.353430, -1.008659, -0.302008, 0.494437, -2.364733, -1.025635
-5.352936, -1.011024, -0.303033, 0.495738, -2.364487, -1.025561
-5.352440, -1.013389, -0.304059, 0.497039, -2.364241, -1.025487
-5.351943, -1.015753, -0.305085, 0.498340, -2.363994, -1.025413
-5.351445, -1.018117, -0.306110, 0.499641, -2.363747, -1.025339
-5.350945, -1.020481, -0.307135, 0.500942, -2.363499, -1.025264
-5.350444, -1.022844, -0.308161, 0.502242, -2.363250, -1.025189
-5.349942, -1.025207, -0.309186, 0.503543, -2.363001, -1.025114
-5.349438, -1.027570, -0.310211, 0.504843, -2.362751, -1.025039
-5.348934, -1.029933, -0.311236, 0.506143, -2.362501, -1.024963
-5.348427, -1.032296, -0.312261, 0.507443, -2.362250, -1.024887
-5.347920, -1.034658, -0.313286, 0.508743, -2.361998, -1.024811
-5.347411, -1.037020, -0.314311, 0.510043, -2.361746, -1.024735
-5.346901, -1.039382, -0.315335, 0.511342, -2.361494, -1.024658
-5.346390, -1.041743, -0.316360, 0.512642, -2.361240, -1.024581
-5.345877, -1.044104, -0.317385, 0.513941, -2.360987, -1.024504
-5.345363, -1.046465, -0.318409, 0.515240, -2.360732, -1.024426
-5.344848, -1.048826, -0.319433, 0.516540, -2.360477, -1.024349
-5.344331, -1.051187, -0.320458, 0.517838, -2.360222, -1.024271
-5.343814, -1.053547, -0.321482, 0.519137, -2.359966, -1.024193
-5.343295, -1.055907, -0.322506, 0.520436, -2.359709, -1.024114
-5.342774, -1.058266, -0.323530, 0.521735, -2.359452, -1.024036
-5.342252, -1.060626, -0.324554, 0.523033, -2.359194, -1.023957
-5.341729, -1.062985, -0.325578, 0.524331, -2.358936, -1.023878
-5.341205, -1.065344, -0.326602, 0.525629, -2.358677, -1.023798
-5.340679, -1.067703, -0.327626, 0.526927, -2.358417, -1.023719
-5.340152, -1.070061, -0.328650, 0.528225, -2.358157, -1.023639
-5.339624, -1.072419, -0.329673, 0.529523, -2.357897, -1.023559
-5.339095, -1.074777, -0.330697, 0.530821, -2.357635, -1.023478
-5.338564, -1.077135, -0.331720, 0.532118, -2.357374, -1.023398
-5.338032, -1.079492, -0.332744, 0.533416, -2.357111, -1.023317
-5.337498, -1.081849, -0.333767, 0.534713, -2.356848, -1.023236
-5.336964, -1.084206, -0.334790, 0.536010, -2.356585, -1.023154
-5.336428, -1.086563, -0.335814, 0.537307, -2.356321, -1.023073
-5.335890, -1.088919, -0.336837, 0.538604, -2.356056, -1.022991
-5.335352, -1.091275, -0.337860, 0.539900, -2.355791, -1.022909
-5.334812, -1.093631, -0.338883, 0.541197, -2.355525, -1.022826
-5.334271, -1.095986, -0.339905, 0.542493, -2.355259, -1.022744
-5.333728, -1.098342, -0.340928, 0.543790, -2.354992, -1.022661
-5.333184, -1.100697, -0.341951, 0.545086, -2.354724, -1.022578
-5.332639, -1.103051, -0.342973, 0.546382, -2.354456, -1.022495
-5.332093, -1.105406, -0.343996, 0.547678, -2.354188, -1.022411
-5.331545, -1.107760, -0.345018, 0.548973, -2.353918, -1.022327
-5.330996, -1.110114, -0.346041, 0.550269, -2.353648, -1.022243
-5.330446, -1.112468, -0.347063, 0.551564, -2.353378, -1.022159
-5.329894, -1.114821, -0.348085, 0.552860, -2.353107, -1.022074
-5.329341, -1.117174, -0.349107, 0.554155, -2.352836, -1.021989
-5.328787, -1.119527, -0.350129, 0.555450, -2.352564, -1.021904
-5.328232, -1.121880, -0.351151, 0.556745, -2.352291, -1.021819
-5.327675, -1.124232, -0.352173, 0.558040, -2.352018, -1.021733
-5.327117, -1.126584, -0.353194, 0.559334, -2.351744, -1.021647
-5.326558, -1.128936, -0.354216, 0.560629, -2.351470, -1.021561
-5.325997, -1.131287, -0.355238, 0.561923, -2.351195, -1.021475
-5.325435, -1.133638, -0.356259, 0.563217, -2.350919, -1.021388
-5.324872, -1.135989, -0.357281, 0.564511, -2.350643, -1.021302
-5.324307, -1.138340, -0.358302, 0.565805, -2.350367, -1.021214
-5.323742, -1.140690, -0.359323, 0.567099, -2.350089, -1.021127
-5.323175, -1.143040, -0.360344, 0.568392, -2.349812, -1.021040
-5.322606, -1.145390, -0.361365, 0.569686, -2.349533, -1.020952
-5.322037, -1.147740, -0.362386, 0.570979, -2.349254, -1.020864
-5.321466, -1.150089, -0.363407, 0.572273, -2.348975, -1.020775
-5.320893, -1.152438, -0.364428, 0.573566, -2.348695, -1.020687
-5.320320, -1.154787, -0.365449, 0.574858, -2.348414, -1.020598
-5.319745, -1.157135, -0.366469, 0.576151, -2.348133, -1.020509
-5.319169, -1.159483, -0.367490, 0.577444, -2.347851, -1.020420
-5.318591, -1.161831, -0.368510, 0.578736, -2.347569, -1.020330
-5.318012, -1.164179, -0.369530, 0.580029, -2.347286, -1.020240
-5.317432, -1.166526, -0.370551, 0.581321, -2.347002, -1.020150
-5.316851, -1.168873, -0.371571, 0.582613, -2.346718, -1.020060
-5.316269, -1.171220, -0.372591, 0.583905, -2.346434, -1.019969
-5.315685, -1.173566, -0.373611, 0.585197, -2.346149, -1.019879
-5.315099, -1.175912, -0.374631, 0.586488, -2.345863, -1.019788
-5.314513, -1.178258, -0.375650, 0.587780, -2.345576, -1.019696
-5.313925, -1.180604, -0.376670, 0.589071, -2.345290, -1.019605
-5.313336, -1.182949, -0.377690, 0.590362, -2.345002, -1.019513
-5.312746, -1.185294, -0.378709, 0.591653, -2.344714, -1.019421
-5.312154, -1.187639, -0.379729, 0.592944, -2.344425, -1.019329
-5.311561, -1.189983, -0.380748, 0.594235, -2.344136, -1.019236
-5.310967, -1.192327, -0.381767, 0.595525, -2.343847, -1.019143
-5.310371, -1.194671, -0.382786, 0.596816, -2.343556, -1.019050
-5.309775, -1.197014, -0.383805, 0.598106, -2.343265, -1.018957
-5.309176, -1.199358, -0.384824, 0.599396, -2.342974, -1.018864
-5.308577, -1.201701, -0.385843, 0.600686, -2.342682, -1.018770
-5.307976, -1.204043, -0.386862, 0.601976, -2.342389, -1.018676
-5.307374, -1.206386, -0.387881, 0.603266, -2.342096, -1.018582
-5.306771, -1.208728, -0.388899, 0.604555, -2.341802, -1.018487
-5.306167, -1.211070, -0.389918, 0.605845, -2.341508, -1.018392
-5.305561, -1.213411, -0.390936, 0.607134, -2.341213, -1.018297
-5.304954, -1.215752, -0.391954, 0.608423, -2.340918, -1.018202
-5.304345, -1.218093, -0.392973, 0.609712, -2.340622, -1.018107
-5.303735, -1.220434, -0.393991, 0.611001, -2.340325, -1.018011
-5.303124, -1.222774, -0.395009, 0.612289, -2.340028, -1.017915
-5.302512, -1.225114, -0.396027, 0.613578, -2.339731, -1.017819
-5.301899, -1.227454, -0.397045, 0.614866, -2.339432, -1.017722
-5.301284, -1.229793, -0.398062, 0.616154, -2.339133, -1.017625
-5.300668, -1.232133, -0.399080, 0.617442, -2.338834, -1.017528
-5.300050, -1.234471, -0.400097, 0.618730, -2.338534, -1.017431
-5.299431, -1.236810, -0.401115, 0.620018, -2.338234, -1.017334
-5.298811, -1.239148, -0.402132, 0.621305, -2.337932, -1.017236
-5.298190, -1.241486, -0.403149, 0.622593, -2.337631, -1.017138
-5.297567, -1.243824, -0.404167, 0.623880, -2.337329, -1.017040
-5.296944, -1.246161, -0.405184, 0.625167, -2.337026, -1.016941
-5.296318, -1.248498, -0.406201, 0.626454, -2.336722, -1.016843
-5.295692, -1.250835, -0.407217, 0.627741, -2.336418, -1.016744
-5.295064, -1.253171, -0.408234, 0.629028, -2.336114, -1.016645
-5.294435, -1.255507, -0.409251, 0.630314, -2.335809, -1.016545
-5.293805, -1.257843, -0.410267, 0.631600, -2.335503, -1.016445
-5.293173, -1.260179, -0.411284, 0.632887, -2.335197, -1.016346
-5.292540, -1.262514, -0.412300, 0.634173, -2.334890, -1.016245
-5.291906, -1.264849, -0.413316, 0.635458, -2.334583, -1.016145
-5.291271, -1.267183, -0.414332, 0.636744, -2.334275, -1.016044
-5.290634, -1.269518, -0.415349, 0.638030, -2.333966, -1.015943
-5.289996, -1.271852, -0.416364, 0.639315, -2.333657, -1.015842
-5.289357, -1.274185, -0.417380, 0.640600, -2.333348, -1.015741
-5.288716, -1.276519, -0.418396, 0.641885, -2.333038, -1.015639
-5.288074, -1.278852, -0.419412, 0.643170, -2.332727, -1.015537
-5.287431, -1.281184, -0.420427, 0.644455, -2.332416, -1.015435
-5.286787, -1.283517, -0.421443, 0.645740, -2.332104, -1.015333
-5.286141, -1.285849, -0.422458, 0.647024, -2.331791, -1.015230
-5.285494, -1.288181, -0.423473, 0.648308, -2.331478, -1.015127
-5.284846, -1.290512, -0.424488, 0.649593, -2.331165, -1.015024
-5.284196, -1.292843, -0.425503, 0.650877, -2.330851, -1.014920
-5.283545, -1.295174, -0.426518, 0.652160, -2.330536, -1.014817
-5.282893, -1.297505, -0.427533, 0.653444, -2.330221, -1.014713
-5.282239, -1.299835, -0.428548, 0.654728, -2.329905, -1.014609
-5.281585, -1.302165, -0.429562, 0.656011, -2.329588, -1.014504
-5.280929, -1.304494, -0.430577, 0.657294, -2.329271, -1.014400
-5.280271, -1.306824, -0.431591, 0.658577, -2.328954, -1.014295
-5.279613, -1.309153, -0.432606, 0.659860, -2.328636, -1.014190
-5.278953, -1.311481, -0.433620, 0.661143, -2.328317, -1.014085
-5.278292, -1.313810, -0.434634, 0.662425, -2.327998, -1.013979
-5.277629, -1.316138, -0.435648, 0.663708, -2.327678, -1.013873
-5.276966, -1.318465, -0.436662, 0.664990, -2.327358, -1.013767
-5.276301, -1.320793, -0.437676, 0.666272, -2.327037, -1.013661
-5.275634, -1.323120, -0.438689, 0.667554, -2.326715, -1.013554
-5.274967, -1.325446, -0.439703, 0.668835, -2.326393, -1.013447
-5.274298, -1.327773, -0.440716, 0.670117, -2.326071, -1.013340
-5.273628, -1.330099, -0.441730, 0.671398, -2.325747, -1.013233
-5.272957, -1.332425, -0.442743, 0.672680, -2.325424, -1.013125
-5.272284, -1.334750, -0.443756, 0.673961, -2.325099, -1.013017
-5.271610, -1.337075, -0.444769, 0.675242, -2.324774, -1.012909
-5.270935, -1.339400, -0.445782, 0.676522, -2.324449, -1.012801
-5.270258, -1.341724, -0.446795, 0.677803, -2.324123, -1.012692
-5.269580, -1.344048, -0.447807, 0.679083, -2.323796, -1.012584
-5.268901, -1.346372, -0.448820, 0.680363, -2.323469, -1.012475
-5.268221, -1.348696, -0.449832, 0.681644, -2.323142, -1.012365
-5.267539, -1.351019, -0.450845, 0.682923, -2.322813, -1.012256
-5.266856, -1.353342, -0.451857, 0.684203, -2.322484, -1.012146
-5.266172, -1.355664, -0.452869, 0.685483, -2.322155, -1.012036
-5.265487, -1.357986, -0.453881, 0.686762, -2.321825, -1.011926
-5.264800, -1.360308, -0.454893, 0.688041, -2.321495, -1.011815
-5.264112, -1.362630, -0.455905, 0.689321, -2.321163, -1.011704
-5.263422, -1.364951, -0.456917, 0.690599, -2.320832, -1.011593
-5.262732, -1.367272, -0.457928, 0.691878, -2.320500, -1.011482
-5.262040, -1.369592, -0.458940, 0.693157, -2.320167, -1.011370
-5.261347, -1.371912, -0.459951, 0.694435, -2.319833, -1.011259
-5.260652, -1.374232, -0.460962, 0.695713, -2.319500, -1.011147
-5.259957, -1.376552, -0.461973, 0.696991, -2.319165, -1.011034
-5.259260, -1.378871, -0.462985, 0.698269, -2.318830, -1.010922
-5.258561, -1.381190, -0.463995, 0.699547, -2.318494, -1.010809
-5.257862, -1.383508, -0.465006, 0.700825, -2.318158, -1.010696
-5.257161, -1.385826, -0.466017, 0.702102, -2.317821, -1.010583
-5.256459, -1.388144, -0.467028, 0.703379, -2.317484, -1.010469
-5.255756, -1.390462, -0.468038, 0.704656, -2.317146, -1.010356
-5.255051, -1.392779, -0.469048, 0.705933, -2.316808, -1.010242
-5.254345, -1.395096, -0.470059, 0.707210, -2.316469, -1.010128
-5.253638, -1.397412, -0.471069, 0.708486, -2.316129, -1.010013
-5.252929, -1.399728, -0.472079, 0.709763, -2.315789, -1.009898
-5.252220, -1.402044, -0.473089, 0.711039, -2.315449, -1.009783
-5.251509, -1.404359, -0.474098, 0.712315, -2.315107, -1.009668
-5.250796, -1.406675, -0.475108, 0.713591, -2.314766, -1.009553
-5.250083, -1.408989, -0.476118, 0.714867, -2.314423, -1.009437
-5.249368, -1.411304, -0.477127, 0.716142, -2.314080, -1.009321
-5.248652, -1.413618, -0.478136, 0.717417, -2.313737, -1.009205
-5.247934, -1.415932, -0.479146, 0.718693, -2.313393, -1.009089
-5.247215, -1.418245, -0.480155, 0.719968, -2.313048, -1.008972
-5.246496, -1.420558, -0.481164, 0.721242, -2.312703, -1.008855
-5.245774, -1.422871, -0.482173, 0.722517, -2.312357, -1.008738
-5.245052, -1.425183, -0.483181, 0.723791, -2.312011, -1.008620
-5.244328, -1.427495, -0.484190, 0.725066, -2.311664, -1.008503
-5.243603, -1.429807, -0.485198, 0.726340, -2.311317, -1.008385
-5.242877, -1.432118, -0.486207, 0.727614, -2.310969, -1.008267
-5.242149, -1.434429, -0.487215, 0.728888, -2.310620, -1.008148
-5.241420, -1.436740, -0.488223, 0.730161, -2.310271, -1.008030
-5.240690, -1.439050, -0.489231, 0.731435, -2.309921, -1.007911
-5.239958, -1.441360, -0.490239, 0.732708, -2.309571, -1.007792
-5.239226, -1.443669, -0.491247, 0.733981, -2.309220, -1.007672
-5.238492, -1.445979, -0.492255, 0.735254, -2.308869, -1.007553
-5.237757, -1.448287, -0.493262, 0.736526, -2.308517, -1.007433
-5.237020, -1.450596, -0.494270, 0.737799, -2.308165, -1.007313
-5.236282, -1.452904, -0.495277, 0.739071, -2.307812, -1.007192
-5.235543, -1.455212, -0.496284, 0.740343, -2.307458, -1.007072
-5.234803, -1.457519, -0.497291, 0.741615, -2.307104, -1.006951
-5.234061, -1.459827, -0.498298, 0.742887, -2.306749, -1.006830
-5.233318, -1.462133, -0.499305, 0.744159, -2.306394, -1.006709
-5.232574, -1.464440, -0.500312, 0.745430, -2.306038, -1.006587
-5.231829, -1.466746, -0.501318, 0.746702, -2.305682, -1.006465
-5.231082, -1.469051, -0.502325, 0.747973, -2.305325, -1.006343
-5.230334, -1.471357, -0.503331, 0.749244, -2.304967, -1.006221
-5.229585, -1.473662, -0.504337, 0.750514, -2.304609, -1.006098
-5.228834, -1.475966, -0.505343, 0.751785, -2.304250, -1.005976
-5.228082, -1.478271, -0.506349, 0.753055, -2.303891, -1.005853
-5.227329, -1.480574, -0.507355, 0.754326, -2.303531, -1.005729
-5.226575, -1.482878, -0.508361, 0.755596, -2.303171, -1.005606
-5.225819, -1.485181, -0.509367, 0.756865, -2.302810, -1.005482
-5.225063, -1.487484, -0.510372, 0.758135, -2.302449, -1.005358
-5.224304, -1.489786, -0.511377, 0.759405, -2.302087, -1.005234
-5.223545, -1.492088, -0.512383, 0.760674, -2.301724, -1.005109
-5.222784, -1.494390, -0.513388, 0.761943, -2.301361, -1.004984
-5.222022, -1.496692, -0.514393, 0.763212, -2.300997, -1.004859
-5.221259, -1.498993, -0.515398, 0.764481, -2.300633, -1.004734
-5.220495, -1.501293, -0.516402, 0.765749, -2.300268, -1.004609
-5.219729, -1.503593, -0.517407, 0.767018, -2.299903, -1.004483
-5.218962, -1.505893, -0.518411, 0.768286, -2.299537, -1.004357
-5.218194, -1.508193, -0.519416, 0.769554, -2.299170, -1.004231
-5.217424, -1.510492, -0.520420, 0.770822, -2.298803, -1.004104
-5.216653, -1.512791, -0.521424, 0.772089, -2.298436, -1.003978
-5.215881, -1.515089, -0.522428, 0.773357, -2.298068, -1.003851
-5.215108, -1.517387, -0.523432, 0.774624, -2.297699, -1.003723
-5.214333, -1.519685, -0.524436, 0.775891, -2.297330, -1.003596
-5.213557, -1.521982, -0.525439, 0.777158, -2.296960, -1.003468
-5.212780, -1.524279, -0.526443, 0.778425, -2.296589, -1.003340
-5.212002, -1.526576, -0.527446, 0.779691, -2.296218, -1.003212
-5.211222, -1.528872, -0.528449, 0.780958, -2.295847, -1.003084
-5.210441, -1.531168, -0.529452, 0.782224, -2.295475, -1.002955
-5.209659, -1.533463, -0.530455, 0.783490, -2.295102, -1.002826
-5.208875, -1.535759, -0.531458, 0.784756, -2.294729, -1.002697
-5.208091, -1.538053, -0.532461, 0.786021, -2.294355, -1.002568
-5.207305, -1.540348, -0.533463, 0.787287, -2.293981, -1.002438
-5.206517, -1.542642, -0.534466, 0.788552, -2.293606, -1.002308
-5.205729, -1.544935, -0.535468, 0.789817, -2.293231, -1.002178
-5.204939, -1.547228, -0.536470, 0.791082, -2.292855, -1.002048
-5.204148, -1.549521, -0.537472, 0.792346, -2.292478, -1.001917
-5.203356, -1.551814, -0.538474, 0.793611, -2.292101, -1.001786
-5.202562, -1.554106, -0.539476, 0.794875, -2.291723, -1.001655
-5.201767, -1.556398, -0.540478, 0.796139, -2.291345, -1.001524
-5.200971, -1.558689, -0.541479, 0.797403, -2.290966, -1.001392
-5.200174, -1.560980, -0.542481, 0.798667, -2.290587, -1.001260
-5.199375, -1.563271, -0.543482, 0.799930, -2.290207, -1.001128
-5.198575, -1.565561, -0.544483, 0.801194, -2.289827, -1.000996
-5.197774, -1.567851, -0.545484, 0.802457, -2.289446, -1.000863
-5.196971, -1.570140, -0.546485, 0.803720, -2.289064, -1.000731
-5.196168, -1.572429, -0.547486, 0.804982, -2.288682, -1.000598
-5.195363, -1.574718, -0.548486, 0.806245, -2.288299, -1.000464
-5.194556, -1.577006, -0.549487, 0.807507, -2.287916, -1.000331
-5.193749, -1.579294, -0.550487, 0.808770, -2.287532, -1.000197
-5.192940, -1.581582, -0.551487, 0.810032, -2.287148, -1.000063
-5.192130, -1.583869, -0.552487, 0.811293, -2.286763, -0.999929
-5.191319, -1.586155, -0.553487, 0.812555, -2.286377, -0.999794
-5.190506, -1.588442, -0.554487, 0.813816, -2.285991, -0.999659
-5.189692, -1.590728, -0.555487, 0.815078, -2.285605, -0.999524
-5.188877, -1.593013, -0.556486, 0.816339, -2.285218, -0.999389
-5.188061, -1.595299, -0.557486, 0.817599, -2.284830, -0.999254
-5.187243, -1.597583, -0.558485, 0.818860, -2.284442, -0.999118
-5.186425, -1.599868, -0.559484, 0.820121, -2.284053, -0.998982
-5.185604, -1.602152, -0.560483, 0.821381, -2.283664, -0.998846
-5.184783, -1.604436, -0.561482, 0.822641, -2.283274, -0.998709
-5.183960, -1.606719, -0.562480, 0.823901, -2.282883, -0.998573
-5.183136, -1.609002, -0.563479, 0.825160, -2.282492, -0.998436
-5.182311, -1.611284, -0.564477, 0.826420, -2.282100, -0.998298
-5.181485, -1.613566, -0.565476, 0.827679, -2.281708, -0.998161
-5.180657, -1.615848, -0.566474, 0.828938, -2.281316, -0.998023
-5.179828, -1.618129, -0.567472, 0.830197, -2.280922, -0.997885
-5.178998, -1.620410, -0.568470, 0.831456, -2.280529, -0.997747
-5.178167, -1.622691, -0.569468, 0.832714, -2.280134, -0.997609
-5.177334, -1.624971, -0.570465, 0.833972, -2.279739, -0.997470
-5.176500, -1.627251, -0.571463, 0.835231, -2.279344, -0.997331
-5.175665, -1.629530, -0.572460, 0.836488, -2.278948, -0.997192
-5.174828, -1.631809, -0.573457, 0.837746, -2.278551, -0.997053
-5.173990, -1.634088, -0.574454, 0.839004, -2.278154, -0.996913
-5.173151, -1.636366, -0.575451, 0.840261, -2.277756, -0.996773
-5.172311, -1.638643, -0.576448, 0.841518, -2.277358, -0.996633
-5.171470, -1.640921, -0.577445, 0.842775, -2.276959, -0.996493
-5.170627, -1.643198, -0.578441, 0.844032, -2.276560, -0.996352
-5.169783, -1.645474, -0.579437, 0.845288, -2.276160, -0.996212
-5.168938, -1.647750, -0.580434, 0.846544, -2.275759, -0.996070
-5.168091, -1.650026, -0.581430, 0.847801, -2.275358, -0.995929
-5.167243, -1.652302, -0.582426, 0.849056, -2.274957, -0.995788
-5.166394, -1.654577, -0.583421, 0.850312, -2.274555, -0.995646
-5.165544, -1.656851, -0.584417, 0.851568, -2.274152, -0.995504
-5.164692, -1.659125, -0.585413, 0.852823, -2.273749, -0.995361
-5.163839, -1.661399, -0.586408, 0.854078, -2.273345, -0.995219
-5.162985, -1.663672, -0.587403, 0.855333, -2.272941, -0.995076
-5.162130, -1.665945, -0.588398, 0.856588, -2.272536, -0.994933
-5.161273, -1.668218, -0.589393, 0.857842, -2.272130, -0.994790
-5.160416, -1.670490, -0.590388, 0.859096, -2.271724, -0.994646
-5.159557, -1.672762, -0.591383, 0.860350, -2.271318, -0.994503
-5.158696, -1.675033, -0.592377, 0.861604, -2.270910, -0.994359
-5.157835, -1.677304, -0.593371, 0.862858, -2.270503, -0.994214
-5.156972, -1.679574, -0.594366, 0.864111, -2.270094, -0.994070
-5.156108, -1.681845, -0.595360, 0.865365, -2.269686, -0.993925
-5.155242, -1.684114, -0.596354, 0.866618, -2.269276, -0.993780
-5.154376, -1.686383, -0.597347, 0.867871, -2.268866, -0.993635
-5.153508, -1.688652, -0.598341, 0.869123, -2.268456, -0.993490
-5.152639, -1.690921, -0.599335, 0.870376, -2.268045, -0.993344
-5.151768, -1.693189, -0.600328, 0.871628, -2.267633, -0.993198
-5.150897, -1.695456, -0.601321, 0.872880, -2.267221, -0.993052
-5.150024, -1.697724, -0.602314, 0.874132, -2.266809, -0.992906
-5.149150, -1.699991, -0.603307, 0.875384, -2.266395, -0.992759
-5.148274, -1.702257, -0.604300, 0.876635, -2.265982, -0.992612
-5.147398, -1.704523, -0.605292, 0.877886, -2.265567, -0.992465
-5.146520, -1.706788, -0.606285, 0.879137, -2.265152, -0.992317
-5.145641, -1.709054, -0.607277, 0.880388, -2.264737, -0.992170
-5.144760, -1.711318, -0.608269, 0.881639, -2.264321, -0.992022
-5.143879, -1.713583, -0.609261, 0.882889, -2.263904, -0.991874
-5.142996, -1.715847, -0.610253, 0.884139, -2.263487, -0.991726
-5.142112, -1.718110, -0.611245, 0.885389, -2.263070, -0.991577
-5.141226, -1.720373, -0.612237, 0.886639, -2.262651, -0.991428
-5.140340, -1.722636, -0.613228, 0.887888, -2.262233, -0.991279
-5.139452, -1.724898, -0.614219, 0.889138, -2.261813, -0.991130
-5.138562, -1.727160, -0.615210, 0.890387, -2.261394, -0.990980
-5.137672, -1.729421, -0.616201, 0.891636, -2.260973, -0.990830
-5.136780, -1.731682, -0.617192, 0.892885, -2.260552, -0.990680
-5.135888, -1.733943, -0.618183, 0.894133, -2.260131, -0.990530
-5.134993, -1.736203, -0.619173, 0.895381, -2.259709, -0.990380
-5.134098, -1.738463, -0.620164, 0.896629, -2.259286, -0.990229
-5.133201, -1.740722, -0.621154, 0.897877, -2.258863, -0.990078
-5.132304, -1.742981, -0.622144, 0.899125, -2.258439, -0.989927
-5.131404, -1.745239, -0.623134, 0.900372, -2.258015, -0.989775
-5.130504, -1.747497, -0.624124, 0.901620, -2.257590, -0.989623
-5.129602, -1.749755, -0.625113, 0.902867, -2.257165, -0.989471
-5.128700, -1.752012, -0.626103, 0.904114, -2.256739, -0.989319
-5.127795, -1.754269, -0.627092, 0.905360, -2.256312, -0.989167
-5.126890, -1.756525, -0.628081, 0.906607, -2.255885, -0.989014
-5.125983, -1.758781, -0.629070, 0.907853, -2.255458, -0.988861
-5.125076, -1.761036, -0.630059, 0.909099, -2.255029, -0.988708
-5.124167, -1.763291, -0.631048, 0.910344, -2.254601, -0.988555
-5.123256, -1.765546, -0.632037, 0.911590, -2.254172, -0.988401
-5.122345, -1.767800, -0.633025, 0.912835, -2.253742, -0.988247
-5.121432, -1.770054, -0.634013, 0.914080, -2.253311, -0.988093
-5.120518, -1.772307, -0.635001, 0.915325, -2.252881, -0.987938
-5.119602, -1.774560, -0.635989, 0.916570, -2.252449, -0.987784
-5.118686, -1.776813, -0.636977, 0.917814, -2.252017, -0.987629
-5.117768, -1.779065, -0.637965, 0.919059, -2.251585, -0.987474
-5.116849, -1.781316, -0.638952, 0.920303, -2.251152, -0.987318
-5.115929, -1.783567, -0.639939, 0.921547, -2.250718, -0.987163
-5.115007, -1.785818, -0.640927, 0.922790, -2.250284, -0.987007
-5.114084, -1.788068, -0.641914, 0.924034, -2.249849, -0.986851
-5.113160, -1.790318, -0.642900, 0.925277, -2.249414, -0.986695
-5.112235, -1.792568, -0.643887, 0.926520, -2.248978, -0.986538
-5.111308, -1.794817, -0.644874, 0.927762, -2.248541, -0.986381
-5.110381, -1.797065, -0.645860, 0.929005, -2.248105, -0.986224
-5.109452, -1.799313, -0.646846, 0.930247, -2.247667, -0.986067
-5.108521, -1.801561, -0.647832, 0.931489, -2.247229, -0.985910
-5.107590, -1.803808, -0.648818, 0.932731, -2.246790, -0.985752
-5.106657, -1.806055, -0.649804, 0.933973, -2.246351, -0.985594
-5.105723, -1.808301, -0.650790, 0.935214, -2.245912, -0.985436
-5.104788, -1.810547, -0.651775, 0.936456, -2.245471, -0.985277
-5.103852, -1.812793, -0.652760, 0.937697, -2.245031, -0.985118
-5.102914, -1.815038, -0.653745, 0.938937, -2.244589, -0.984959
-5.101975, -1.817282, -0.654730, 0.940178, -2.244147, -0.984800
-5.101035, -1.819526, -0.655715, 0.941418, -2.243705, -0.984641
-5.100093, -1.821770, -0.656700, 0.942658, -2.243262, -0.984481
-5.099151, -1.824013, -0.657684, 0.943898, -2.242819, -0.984321
-5.098207, -1.826256, -0.658669, 0.945138, -2.242374, -0.984161
-5.097262, -1.828499, -0.659653, 0.946377, -2.241930, -0.984001
-5.096315, -1.830740, -0.660637, 0.947617, -2.241485, -0.983840
-5.095368, -1.832982, -0.661621, 0.948856, -2.241039, -0.983679
-5.094419, -1.835223, -0.662604, 0.950094, -2.240593, -0.983518
-5.093469, -1.837464, -0.663588, 0.951333, -2.240146, -0.983357
-5.092517, -1.839704, -0.664571, 0.952571, -2.239699, -0.983195
-5.091565, -1.841943, -0.665554, 0.953809, -2.239251, -0.983033
-5.090611, -1.844183, -0.666537, 0.955047, -2.238802, -0.982871
-5.089656, -1.846421, -0.667520, 0.956285, -2.238353, -0.982709
-5.088700, -1.848660, -0.668503, 0.957522, -2.237904, -0.982546
-5.087742, -1.850898, -0.669486, 0.958760, -2.237453, -0.982383
-5.086783, -1.853135, -0.670468, 0.959997, -2.237003, -0.982220
-5.085823, -1.855372, -0.671450, 0.961233, -2.236552, -0.982057
-5.084862, -1.857609, -0.672432, 0.962470, -2.236100, -0.981894
-5.083900, -1.859845, -0.673414, 0.963706, -2.235648, -0.981730
-5.082936, -1.862080, -0.674396, 0.964942, -2.235195, -0.981566
-5.081971, -1.864316, -0.675377, 0.966178, -2.234741, -0.981401
-5.081005, -1.866550, -0.676359, 0.967414, -2.234287, -0.981237
-5.080037, -1.868785, -0.677340, 0.968649, -2.233833, -0.981072
-5.079069, -1.871019, -0.678321, 0.969885, -2.233378, -0.980907
-5.078099, -1.873252, -0.679302, 0.971120, -2.232922, -0.980742
-5.077128, -1.875485, -0.680283, 0.972354, -2.232466, -0.980577
-5.076155, -1.877717, -0.681263, 0.973589, -2.232010, -0.980411
-5.075182, -1.879949, -0.682244, 0.974823, -2.231552, -0.980245
-5.074207, -1.882181, -0.683224, 0.976057, -2.231095, -0.980079
-5.073231, -1.884412, -0.684204, 0.977291, -2.230636, -0.979912
-5.072254, -1.886643, -0.685184, 0.978525, -2.230177, -0.979746
-5.071275, -1.888873, -0.686164, 0.979758, -2.229718, -0.979579
-5.070295, -1.891102, -0.687143, 0.980991, -2.229258, -0.979412
-5.069314, -1.893332, -0.688123, 0.982224, -2.228798, -0.979244
-5.068332, -1.895561, -0.689102, 0.983457, -2.228337, -0.979077
-5.067349, -1.897789, -0.690081, 0.984689, -2.227875, -0.978909
-5.066364, -1.900017, -0.691060, 0.985922, -2.227413, -0.978741
-5.065378, -1.902244, -0.692039, 0.987154, -2.226950, -0.978573
-5.064391, -1.904471, -0.693017, 0.988385, -2.226487, -0.978404
-5.063403, -1.906698, -0.693996, 0.989617, -2.226023, -0.978235
-5.062413, -1.908924, -0.694974, 0.990848, -2.225559, -0.978066
-5.061422, -1.911149, -0.695952, 0.992079, -2.225094, -0.977897
-5.060430, -1.913374, -0.696930, 0.993310, -2.224629, -0.977727
-5.059437, -1.915599, -0.697908, 0.994541, -2.224163, -0.977558
-5.058442, -1.917823, -0.698885, 0.995771, -2.223696, -0.977388
-5.057446, -1.920047, -0.699863, 0.997002, -2.223229, -0.977217
-5.056449, -1.922270, -0.700840, 0.998231, -2.222762, -0.977047
-5.055451, -1.924493, -0.701817, 0.999461, -2.222294, -0.976876
-5.054452, -1.926715, -0.702794, 1.000691, -2.221825, -0.976705
-5.053451, -1.928937, -0.703770, 1.001920, -2.221356, -0.976534
-5.052449, -1.931158, -0.704747, 1.003149, -2.220886, -0.976363
-5.051446, -1.933379, -0.705723, 1.004378, -2.220416, -0.976191
-5.050442, -1.935600, -0.706699, 1.005606, -2.219945, -0.976019
-5.049436, -1.937819, -0.707675, 1.006835, -2.219473, -0.975847
-5.048429, -1.940039, -0.708651, 1.008063, -2.219001, -0.975675
-5.047421, -1.942258, -0.709627, 1.009290, -2.218529, -0.975502
-5.046412, -1.944476, -0.710602, 1.010518, -2.218056, -0.975329
-5.045401, -1.946695, -0.711578, 1.011745, -2.217582, -0.975156
-5.044390, -1.948912, -0.712553, 1.012973, -2.217108, -0.974983
-5.043377, -1.951129, -0.713528, 1.014199, -2.216634, -0.974809
-5.042362, -1.953346, -0.714503, 1.015426, -2.216158, -0.974635
-5.041347, -1.955562, -0.715477, 1.016653, -2.215683, -0.974461
-5.040330, -1.957778, -0.716452, 1.017879, -2.215206, -0.974287
-5.039312, -1.959993, -0.717426, 1.019105, -2.214730, -0.974112
-5.038293, -1.962208, -0.718400, 1.020330, -2.214252, -0.973938
-5.037273, -1.964422, -0.719374, 1.021556, -2.213774, -0.973763
-5.036251, -1.966636, -0.720348, 1.022781, -2.213296, -0.973587
-5.035229, -1.968849, -0.721322, 1.024006, -2.212817, -0.973412
-5.034205, -1.971062, -0.722295, 1.025231, -2.212337, -0.973236
-5.033179, -1.973274, -0.723268, 1.026456, -2.211857, -0.973060
-5.032153, -1.975486, -0.724241, 1.027680, -2.211377, -0.972884
-5.031125, -1.977697, -0.725214, 1.028904, -2.210895, -0.972708
-5.030096, -1.979908, -0.726187, 1.030128, -2.210414, -0.972531
-5.029066, -1.982119, -0.727159, 1.031351, -2.209932, -0.972354
-5.028035, -1.984329, -0.728132, 1.032575, -2.209449, -0.972177
-5.027002, -1.986538, -0.729104, 1.033798, -2.208965, -0.971999
-5.025968, -1.988747, -0.730076, 1.035021, -2.208481, -0.971822
-5.024933, -1.990955, -0.731048, 1.036243, -2.207997, -0.971644
-5.023897, -1.993163, -0.732019, 1.037466, -2.207512, -0.971466
-5.022860, -1.995371, -0.732991, 1.038688, -2.207027, -0.971287
-5.021821, -1.997578, -0.733962, 1.039910, -2.206541, -0.971109
-5.020781, -1.999785, -0.734933, 1.041131, -2.206054, -0.970930
-5.019740, -2.001991, -0.735904, 1.042353, -2.205567, -0.970751
-5.018698, -2.004196, -0.736875, 1.043574, -2.205079, -0.970572
-5.017654, -2.006401, -0.737845, 1.044795, -2.204591, -0.970392
-5.016609, -2.008606, -0.738816, 1.046016, -2.204102, -0.970212
-5.015563, -2.010810, -0.739786, 1.047236, -2.203613, -0.970032
-5.014516, -2.013014, -0.740756, 1.048456, -2.203123, -0.969852
-5.013468, -2.015217, -0.741726, 1.049676, -2.202633, -0.969672
-5.012418, -2.017419, -0.742696, 1.050896, -2.202142, -0.969491
-5.011367, -2.019621, -0.743665, 1.052115, -2.201650, -0.969310
-5.010315, -2.021823, -0.744634, 1.053335, -2.201158, -0.969129
-5.009262, -2.024024, -0.745604, 1.054554, -2.200666, -0.968947
-5.008207, -2.026225, -0.746573, 1.055772, -2.200173, -0.968766
-5.007151, -2.028425, -0.747541, 1.056991, -2.199679, -0.968584
-5.006094, -2.030625, -0.748510, 1.058209, -2.199185, -0.968401
-5.005036, -2.032824, -0.749478, 1.059427, -2.198690, -0.968219
-5.003977, -2.035023, -0.750446, 1.060645, -2.198195, -0.968036
-5.002916, -2.037221, -0.751415, 1.061862, -2.197699, -0.967854
-5.001854, -2.039419, -0.752382, 1.063080, -2.197203, -0.967670
-5.000791, -2.041616, -0.753350, 1.064297, -2.196706, -0.967487
-4.999727, -2.043812, -0.754318, 1.065514, -2.196209, -0.967304
-4.998661, -2.046009, -0.755285, 1.066730, -2.195711, -0.967120
-4.997594, -2.048204, -0.756252, 1.067946, -2.195212, -0.966936
-4.996527, -2.050400, -0.757219, 1.069162, -2.194713, -0.966751
-4.995457, -2.052594, -0.758186, 1.070378, -2.194214, -0.966567
-4.994387, -2.054789, -0.759152, 1.071594, -2.193713, -0.966382
-4.993315, -2.056982, -0.760119, 1.072809, -2.193213, -0.966197
-4.992243, -2.059175, -0.761085, 1.074024, -2.192712, -0.966012
-4.991169, -2.061368, -0.762051, 1.075239, -2.192210, -0.965826
-4.990093, -2.063560, -0.763017, 1.076453, -2.191708, -0.965641
-4.989017, -2.065752, -0.763982, 1.077668, -2.191205, -0.965455
-4.987939, -2.067943, -0.764948, 1.078882, -2.190702, -0.965269
-4.986860, -2.070134, -0.765913, 1.080096, -2.190198, -0.965082
-4.985780, -2.072324, -0.766878, 1.081309, -2.189693, -0.964895
-4.984699, -2.074514, -0.767843, 1.082523, -2.189188, -0.964709
-4.983616, -2.076703, -0.768808, 1.083736, -2.188683, -0.964521
-4.982533, -2.078892, -0.769772, 1.084948, -2.188177, -0.964334
-4.981448, -2.081080, -0.770737, 1.086161, -2.187670, -0.964146
-4.980362, -2.083268, -0.771701, 1.087373, -2.187163, -0.963959
-4.979274, -2.085455, -0.772665, 1.088585, -2.186655, -0.963770
-4.978186, -2.087641, -0.773628, 1.089797, -2.186147, -0.963582
-4.977096, -2.089828, -0.774592, 1.091009, -2.185639, -0.963394
-4.976005, -2.092013, -0.775555, 1.092220, -2.185129, -0.963205
-4.974913, -2.094198, -0.776519, 1.093431, -2.184619, -0.963016
-4.973819, -2.096383, -0.777482, 1.094642, -2.184109, -0.962827
-4.972725, -2.098567, -0.778444, 1.095852, -2.183598, -0.962637
-4.971629, -2.100751, -0.779407, 1.097063, -2.183087, -0.962447
-4.970532, -2.102934, -0.780370, 1.098273, -2.182575, -0.962257
-4.969433, -2.105116, -0.781332, 1.099483, -2.182062, -0.962067
-4.968334, -2.107298, -0.782294, 1.100692, -2.181549, -0.961877
-4.967233, -2.109480, -0.783256, 1.101901, -2.181036, -0.961686
-4.966131, -2.111661, -0.784217, 1.103110, -2.180522, -0.961495
-4.965028, -2.113841, -0.785179, 1.104319, -2.180007, -0.961304
-4.963924, -2.116021, -0.786140, 1.105528, -2.179492, -0.961112
-4.962818, -2.118201, -0.787101, 1.106736, -2.178976, -0.960921
-4.961712, -2.120380, -0.788062, 1.107944, -2.178460, -0.960729
-4.960604, -2.122558, -0.789023, 1.109152, -2.177943, -0.960537
-4.959494, -2.124736, -0.789984, 1.110359, -2.177426, -0.960345
-4.958384, -2.126914, -0.790944, 1.111566, -2.176908, -0.960152
-4.957273, -2.129091, -0.791904, 1.112773, -2.176390, -0.959959
-4.956160, -2.131267, -0.792864, 1.113980, -2.175871, -0.959766
-4.955046, -2.133443, -0.793824, 1.115187, -2.175351, -0.959573
-4.953931, -2.135618, -0.794783, 1.116393, -2.174831, -0.959379
-4.952814, -2.137793, -0.795743, 1.117599, -2.174311, -0.959186
-4.951697, -2.139967, -0.796702, 1.118805, -2.173790, -0.958992
-4.950578, -2.142141, -0.797661, 1.120010, -2.173268, -0.958797
-4.949458, -2.144315, -0.798620, 1.121215, -2.172746, -0.958603
-4.948337, -2.146487, -0.799578, 1.122420, -2.172223, -0.958408
-4.947214, -2.148659, -0.800537, 1.123625, -2.171700, -0.958213
-4.946091, -2.150831, -0.801495, 1.124829, -2.171176, -0.958018
-4.944966, -2.153002, -0.802453, 1.126033, -2.170652, -0.957823
-4.943840, -2.155173, -0.803411, 1.127237, -2.170127, -0.957627
-4.942712, -2.157343, -0.804368, 1.128441, -2.169602, -0.957431
-4.941584, -2.159513, -0.805326, 1.129644, -2.169076, -0.957235
-4.940454, -2.161682, -0.806283, 1.130847, -2.168550, -0.957039
-4.939323, -2.163850, -0.807240, 1.132050, -2.168023, -0.956842
-4.938191, -2.166018, -0.808197, 1.133253, -2.167495, -0.956645
-4.937058, -2.168186, -0.809154, 1.134455, -2.166967, -0.956448
-4.935924, -2.170353, -0.810110, 1.135657, -2.166439, -0.956251
-4.934788, -2.172519, -0.811066, 1.136859, -2.165910, -0.956053
-4.933651, -2.174685, -0.812022, 1.138061, -2.165380, -0.955856
-4.932513, -2.176851, -0.812978, 1.139262, -2.164850, -0.955658
-4.931374, -2.179015, -0.813934, 1.140463, -2.164319, -0.955459
-4.930233, -2.181180, -0.814889, 1.141664, -2.163788, -0.955261
-4.929092, -2.183344, -0.815845, 1.142864, -2.163256, -0.955062
-4.927949, -2.185507, -0.816800, 1.144064, -2.162724, -0.954863
-4.926805, -2.187670, -0.817754, 1.145264, -2.162191, -0.954664
-4.925660, -2.189832, -0.818709, 1.146464, -2.161658, -0.954465
-4.924513, -2.191993, -0.819664, 1.147663, -2.161124, -0.954265
-4.923365, -2.194154, -0.820618, 1.148863, -2.160589, -0.954065
-4.922217, -2.196315, -0.821572, 1.150062, -2.160054, -0.953865
-4.921067, -2.198475, -0.822526, 1.151260, -2.159519, -0.953665
-4.919915, -2.200635, -0.823479, 1.152459, -2.158983, -0.953464
-4.918763, -2.202794, -0.824433, 1.153657, -2.158446, -0.953263
-4.917609, -2.204952, -0.825386, 1.154855, -2.157909, -0.953062
-4.916454, -2.207110, -0.826339, 1.156052, -2.157371, -0.952861
-4.915298, -2.209267, -0.827292, 1.157249, -2.156833, -0.952660
-4.914141, -2.211424, -0.828245, 1.158447, -2.156295, -0.952458
-4.912983, -2.213580, -0.829197, 1.159643, -2.155755, -0.952256
-4.911823, -2.215736, -0.830149, 1.160840, -2.155216, -0.952054
-4.910662, -2.217891, -0.831102, 1.162036, -2.154675, -0.951851
-4.909500, -2.220046, -0.832053, 1.163232, -2.154135, -0.951648
-4.908337, -2.222200, -0.833005, 1.164428, -2.153593, -0.951445
-4.907172, -2.224354, -0.833956, 1.165623, -2.153051, -0.951242
-4.906007, -2.226507, -0.834908, 1.166818, -2.152509, -0.951039
-4.904840, -2.228659, -0.835859, 1.168013, -2.151966, -0.950835
-4.903672, -2.230811, -0.836810, 1.169208, -2.151422, -0.950631
-4.902503, -2.232963, -0.837760, 1.170402, -2.150878, -0.950427
-4.901332, -2.235114, -0.838711, 1.171597, -2.150334, -0.950223
-4.900161, -2.237264, -0.839661, 1.172790, -2.149789, -0.950018
-4.898988, -2.239414, -0.840611, 1.173984, -2.149243, -0.949814
-4.897814, -2.241563, -0.841561, 1.175177, -2.148697, -0.949609
-4.896639, -2.243712, -0.842510, 1.176370, -2.148150, -0.949403
-4.895462, -2.245860, -0.843460, 1.177563, -2.147603, -0.949198
-4.894285, -2.248007, -0.844409, 1.178756, -2.147056, -0.948992
-4.893106, -2.250155, -0.845358, 1.179948, -2.146507, -0.948786
-4.891926, -2.252301, -0.846307, 1.181140, -2.145958, -0.948580
-4.890745, -2.254447, -0.847255, 1.182331, -2.145409, -0.948373
-4.889563, -2.256592, -0.848204, 1.183523, -2.144859, -0.948167
-4.888379, -2.258737, -0.849152, 1.184714, -2.144309, -0.947960
-4.887194, -2.260882, -0.850100, 1.185905, -2.143758, -0.947753
-4.886008, -2.263025, -0.851048, 1.187095, -2.143207, -0.947545
-4.884821, -2.265169, -0.851995, 1.188286, -2.142655, -0.947338
-4.883633, -2.267311, -0.852942, 1.189476, -2.142102, -0.947130
-4.882444, -2.269453, -0.853890, 1.190666, -2.141549, -0.946922
-4.881253, -2.271595, -0.854836, 1.191855, -2.140995, -0.946713
-4.880061, -2.273736, -0.855783, 1.193044, -2.140441, -0.946505
-4.878868, -2.275876, -0.856730, 1.194233, -2.139887, -0.946296
-4.877674, -2.278016, -0.857676, 1.195422, -2.139332, -0.946087
-4.876478, -2.280156, -0.858622, 1.196610, -2.138776, -0.945878
-4.875282, -2.282294, -0.859568, 1.197799, -2.138220, -0.945668
-4.874084, -2.284433, -0.860514, 1.198986, -2.137663, -0.945459
-4.872885, -2.286570, -0.861459, 1.200174, -2.137106, -0.945249
-4.871685, -2.288707, -0.862404, 1.201361, -2.136548, -0.945039
-4.870483, -2.290844, -0.863349, 1.202548, -2.135990, -0.944828
-4.869281, -2.292980, -0.864294, 1.203735, -2.135431, -0.944617
-4.868077, -2.295115, -0.865239, 1.204922, -2.134871, -0.944407
-4.866872, -2.297250, -0.866183, 1.206108, -2.134311, -0.944195
-4.865666, -2.299384, -0.867127, 1.207294, -2.133751, -0.943984
-4.864459, -2.301518, -0.868071, 1.208479, -2.133190, -0.943773
-4.863250, -2.303651, -0.869015, 1.209665, -2.132629, -0.943561
-4.862041, -2.305784, -0.869959, 1.210850, -2.132067, -0.943349
-4.860830, -2.307916, -0.870902, 1.212035, -2.131504, -0.943136
-4.859618, -2.310048, -0.871845, 1.213219, -2.130941, -0.942924
-4.858405, -2.312179, -0.872788, 1.214403, -2.130377, -0.942711
-4.857190, -2.314309, -0.873731, 1.215587, -2.129813, -0.942498
-4.855975, -2.316439, -0.874673, 1.216771, -2.129249, -0.942285
-4.854758, -2.318568, -0.875616, 1.217955, -2.128683, -0.942071
-4.853540, -2.320697, -0.876558, 1.219138, -2.128118, -0.941858
-4.852321, -2.322825, -0.877500, 1.220321, -2.127551, -0.941644
-4.851100, -2.324952, -0.878441, 1.221503, -2.126985, -0.941430
-4.849879, -2.327079, -0.879383, 1.222685, -2.126417, -0.941215
-4.848656, -2.329206, -0.880324, 1.223867, -2.125849, -0.941001
-4.847432, -2.331332, -0.881265, 1.225049, -2.125281, -0.940786
-4.846207, -2.333457, -0.882206, 1.226231, -2.124712, -0.940571
-4.844981, -2.335582, -0.883146, 1.227412, -2.124143, -0.940356
-4.843754, -2.337706, -0.884087, 1.228593, -2.123573, -0.940140
-4.842525, -2.339829, -0.885027, 1.229773, -2.123002, -0.939924
-4.841295, -2.341952, -0.885967, 1.230954, -2.122431, -0.939708
-4.840064, -2.344075, -0.886906, 1.232134, -2.121860, -0.939492
-4.838832, -2.346197, -0.887846, 1.233314, -2.121288, -0.939276
-4.837599, -2.348318, -0.888785, 1.234493, -2.120715, -0.939059
-4.836364, -2.350439, -0.889724, 1.235672, -2.120142, -0.938842
-4.835129, -2.352559, -0.890663, 1.236851, -2.119569, -0.938625
-4.833892, -2.354678, -0.891602, 1.238030, -2.118994, -0.938407
-4.832654, -2.356797, -0.892540, 1.239208, -2.118420, -0.938190
-4.831415, -2.358916, -0.893478, 1.240386, -2.117845, -0.937972
-4.830174, -2.361034, -0.894416, 1.241564, -2.117269, -0.937754
-4.828933, -2.363151, -0.895354, 1.242742, -2.116693, -0.937535
-4.827690, -2.365267, -0.896291, 1.243919, -2.116116, -0.937317
-4.826446, -2.367384, -0.897229, 1.245096, -2.115539, -0.937098
-4.825201, -2.369499, -0.898166, 1.246272, -2.114961, -0.936879
-4.823955, -2.371614, -0.899103, 1.247449, -2.114382, -0.936660
-4.822707, -2.373728, -0.900039, 1.248625, -2.113804, -0.936440
-4.821459, -2.375842, -0.900976, 1.249801, -2.113224, -0.936221
-4.820209, -2.377956, -0.901912, 1.250976, -2.112644, -0.936001
-4.818958, -2.380068, -0.902848, 1.252151, -2.112064, -0.935780
-4.817706, -2.382180, -0.903784, 1.253326, -2.111483, -0.935560
-4.816452, -2.384292, -0.904719, 1.254501, -2.110901, -0.935339
-4.815198, -2.386403, -0.905655, 1.255675, -2.110319, -0.935118
-4.813942, -2.388513, -0.906590, 1.256850, -2.109737, -0.934897
-4.812685, -2.390623, -0.907525, 1.258023, -2.109154, -0.934676
-4.811427, -2.392732, -0.908459, 1.259197, -2.108570, -0.934454
-4.810168, -2.394840, -0.909394, 1.260370, -2.107986, -0.934233
-4.808908, -2.396948, -0.910328, 1.261543, -2.107401, -0.934011
-4.807646, -2.399056, -0.911262, 1.262716, -2.106816, -0.933788
-4.806384, -2.401163, -0.912196, 1.263888, -2.106231, -0.933566
-4.805120, -2.403269, -0.913130, 1.265060, -2.105644, -0.933343
-4.803855, -2.405374, -0.914063, 1.266232, -2.105058, -0.933120
-4.802588, -2.407480, -0.914996, 1.267403, -2.104470, -0.932897
-4.801321, -2.409584, -0.915929, 1.268575, -2.103883, -0.932674
-4.800052, -2.411688, -0.916862, 1.269745, -2.103294, -0.932450
-4.798783, -2.413791, -0.917794, 1.270916, -2.102705, -0.932226
-4.797512, -2.415894, -0.918726, 1.272086, -2.102116, -0.932002
-4.796240, -2.417996, -0.919658, 1.273256, -2.101526, -0.931778
-4.794966, -2.420098, -0.920590, 1.274426, -2.100936, -0.931553
-4.793692, -2.422198, -0.921522, 1.275596, -2.100345, -0.931328
-4.792416, -2.424299, -0.922453, 1.276765, -2.099754, -0.931103
-4.791140, -2.426399, -0.923384, 1.277934, -2.099162, -0.930878
-4.789862, -2.428498, -0.924315, 1.279102, -2.098569, -0.930652
-4.788583, -2.430596, -0.925246, 1.280270, -2.097976, -0.930427
-4.787302, -2.432694, -0.926176, 1.281438, -2.097383, -0.930201
-4.786021, -2.434792, -0.927106, 1.282606, -2.096789, -0.929974
-4.784738, -2.436888, -0.928036, 1.283774, -2.096194, -0.929748
-4.783454, -2.438985, -0.928966, 1.284941, -2.095599, -0.929521
-4.782169, -2.441080, -0.929895, 1.286107, -2.095003, -0.929294
-4.780883, -2.443175, -0.930825, 1.287274, -2.094407, -0.929067
-4.779596, -2.445270, -0.931754, 1.288440, -2.093811, -0.928840
-4.778308, -2.447363, -0.932683, 1.289606, -2.093213, -0.928612
-4.777018, -2.449457, -0.933611, 1.290772, -2.092616, -0.928385
-4.775727, -2.451549, -0.934540, 1.291937, -2.092017, -0.928157
-4.774435, -2.453641, -0.935468, 1.293102, -2.091419, -0.927928
-4.773142, -2.455733, -0.936396, 1.294267, -2.090819, -0.927700
-4.771848, -2.457824, -0.937323, 1.295431, -2.090220, -0.927471
-4.770553, -2.459914, -0.938251, 1.296596, -2.089619, -0.927242
-4.769256, -2.462003, -0.939178, 1.297759, -2.089019, -0.927013
-4.767958, -2.464092, -0.940105, 1.298923, -2.088417, -0.926783
-4.766659, -2.466181, -0.941032, 1.300086, -2.087815, -0.926554
-4.765359, -2.468269, -0.941958, 1.301249, -2.087213, -0.926324
-4.764058, -2.470356, -0.942885, 1.302412, -2.086610, -0.926094
-4.762756, -2.472442, -0.943811, 1.303574, -2.086007, -0.925863
-4.761452, -2.474528, -0.944737, 1.304736, -2.085403, -0.925633
-4.760147, -2.476614, -0.945662, 1.305898, -2.084798, -0.925402
-4.758841, -2.478699, -0.946588, 1.307060, -2.084193, -0.925171
-4.757534, -2.480783, -0.947513, 1.308221, -2.083588, -0.924940
-4.756226, -2.482866, -0.948438, 1.309382, -2.082982, -0.924708
-4.754917, -2.484949, -0.949363, 1.310542, -2.082375, -0.924477
-4.753606, -2.487032, -0.950287, 1.311703, -2.081768, -0.924245
-4.752294, -2.489114, -0.951211, 1.312863, -2.081161, -0.924012
-4.750982, -2.491195, -0.952135, 1.314022, -2.080553, -0.923780
-4.749668, -2.493275, -0.953059, 1.315182, -2.079944, -0.923547
-4.748352, -2.495355, -0.953983, 1.316341, -2.079335, -0.923315
-4.747036, -2.497435, -0.954906, 1.317500, -2.078725, -0.923081
-4.745719, -2.499513, -0.955829, 1.318658, -2.078115, -0.922848
-4.744400, -2.501591, -0.956752, 1.319816, -2.077504, -0.922615
-4.743080, -2.503669, -0.957674, 1.320974, -2.076893, -0.922381
-4.741759, -2.505746, -0.958597, 1.322132, -2.076281, -0.922147
-4.740437, -2.507822, -0.959519, 1.323289, -2.075669, -0.921912
-4.739114, -2.509898, -0.960441, 1.324446, -2.075056, -0.921678
-4.737789, -2.511973, -0.961363, 1.325603, -2.074443, -0.921443
-4.736464, -2.514047, -0.962284, 1.326759, -2.073829, -0.921208
-4.735137, -2.516121, -0.963205, 1.327915, -2.073215, -0.920973
-4.733809, -2.518194, -0.964126, 1.329071, -2.072600, -0.920738
-4.732480, -2.520267, -0.965047, 1.330226, -2.071985, -0.920502
-4.731150, -2.522339, -0.965967, 1.331381, -2.071369, -0.920266
-4.729818, -2.524410, -0.966888, 1.332536, -2.070753, -0.920030
-4.728486, -2.526481, -0.967808, 1.333691, -2.070136, -0.919794
-4.727152, -2.528551, -0.968728, 1.334845, -2.069518, -0.919557
-4.725817, -2.530621, -0.969647, 1.335999, -2.068901, -0.919321
-4.724481, -2.532690, -0.970566, 1.337153, -2.068282, -0.919084
-4.723144, -2.534758, -0.971486, 1.338306, -2.067663, -0.918846
-4.721806, -2.536825, -0.972404, 1.339459, -2.067044, -0.918609
-4.720466, -2.538893, -0.973323, 1.340612, -2.066424, -0.918371
-4.719126, -2.540959, -0.974241, 1.341764, -2.065803, -0.918133
-4.717784, -2.543025, -0.975159, 1.342916, -2.065182, -0.917895
-4.716441, -2.545090, -0.976077, 1.344068, -2.064561, -0.917657
-4.715097, -2.547155, -0.976995, 1.345220, -2.063939, -0.917418
-4.713752, -2.549218, -0.977912, 1.346371, -2.063316, -0.917179
-4.712405, -2.551282, -0.978830, 1.347522, -2.062693, -0.916940
-4.711058, -2.553344, -0.979747, 1.348672, -2.062069, -0.916701
-4.709709, -2.555407, -0.980663, 1.349823, -2.061445, -0.916462
-4.708359, -2.557468, -0.981580, 1.350973, -2.060821, -0.916222
-4.707008, -2.559529, -0.982496, 1.352122, -2.060195, -0.915982
-4.705656, -2.561589, -0.983412, 1.353272, -2.059570, -0.915742
-4.704303, -2.563649, -0.984328, 1.354421, -2.058944, -0.915501
-4.702948, -2.565708, -0.985243, 1.355569, -2.058317, -0.915261
-4.701593, -2.567766, -0.986158, 1.356718, -2.057690, -0.915020
-4.700236, -2.569824, -0.987073, 1.357866, -2.057062, -0.914779
-4.698878, -2.571881, -0.987988, 1.359014, -2.056434, -0.914537
-4.697519, -2.573937, -0.988903, 1.360161, -2.055805, -0.914296
-4.696159, -2.575993, -0.989817, 1.361308, -2.055176, -0.914054
-4.694798, -2.578048, -0.990731, 1.362455, -2.054546, -0.913812
-4.693435, -2.580103, -0.991645, 1.363602, -2.053916, -0.913570
-4.692072, -2.582156, -0.992559, 1.364748, -2.053285, -0.913327
-4.690707, -2.584210, -0.993472, 1.365894, -2.052653, -0.913084
-4.689341, -2.586262, -0.994385, 1.367040, -2.052022, -0.912842
-4.687974, -2.588314, -0.995298, 1.368185, -2.051389, -0.912598
-4.686606, -2.590366, -0.996210, 1.369330, -2.050756, -0.912355
-4.685237, -2.592417, -0.997123, 1.370475, -2.050123, -0.912111
-4.683866, -2.594467, -0.998035, 1.371619, -2.049489, -0.911868
-4.682495, -2.596516, -0.998947, 1.372763, -2.048855, -0.911623
-4.681122, -2.598565, -0.999858, 1.373907, -2.048220, -0.911379
-4.679748, -2.600613, -1.000770, 1.375050, -2.047584, -0.911135
-4.678373, -2.602661, -1.001681, 1.376193, -2.046948, -0.910890
-4.676997, -2.604708, -1.002592, 1.377336, -2.046312, -0.910645
-4.675619, -2.606754, -1.003502, 1.378479, -2.045675, -0.910400
-4.674241, -2.608800, -1.004413, 1.379621, -2.045038, -0.910154
-4.672861, -2.610845, -1.005323, 1.380763, -2.044400, -0.909909
-4.671480, -2.612889, -1.006233, 1.381904, -2.043761, -0.909663
-4.670098, -2.614933, -1.007142, 1.383045, -2.043122, -0.909417
-4.668715, -2.616976, -1.008052, 1.384186, -2.042483, -0.909170
-4.667331, -2.619019, -1.008961, 1.385327, -2.041843, -0.908924
-4.665946, -2.621060, -1.009870, 1.386467, -2.041202, -0.908677
-4.664559, -2.623102, -1.010779, 1.387607, -2.040561, -0.908430
-4.663172, -2.625142, -1.011687, 1.388747, -2.039919, -0.908183
-4.661783, -2.627182, -1.012595, 1.389886, -2.039277, -0.907935
-4.660393, -2.629221, -1.013503, 1.391025, -2.038635, -0.907687
-4.659002, -2.631260, -1.014411, 1.392164, -2.037992, -0.907440
-4.657610, -2.633298, -1.015318, 1.393302, -2.037348, -0.907191
-4.656217, -2.635335, -1.016226, 1.394440, -2.036704, -0.906943
-4.654822, -2.637372, -1.017132, 1.395578, -2.036059, -0.906694
-4.653427, -2.639408, -1.018039, 1.396716, -2.035414, -0.906446
-4.652030, -2.641444, -1.018946, 1.397853, -2.034768, -0.906196
-4.650632, -2.643478, -1.019852, 1.398990, -2.034122, -0.905947
-4.649233, -2.645512, -1.020758, 1.400126, -2.033476, -0.905698
-4.647833, -2.647546, -1.021663, 1.401262, -2.032828, -0.905448
-4.646432, -2.649579, -1.022569, 1.402398, -2.032181, -0.905198
-4.645029, -2.651611, -1.023474, 1.403534, -2.031532, -0.904948
-4.643626, -2.653642, -1.024379, 1.404669, -2.030884, -0.904697
-4.642221, -2.655673, -1.025284, 1.405804, -2.030234, -0.904447
-4.640815, -2.657704, -1.026188, 1.406938, -2.029585, -0.904196
-4.639408, -2.659733, -1.027092, 1.408072, -2.028934, -0.903945
-4.638000, -2.661762, -1.027996, 1.409206, -2.028284, -0.903693
-4.636591, -2.663790, -1.028900, 1.410340, -2.027632, -0.903442
-4.635181, -2.665818, -1.029803, 1.411473, -2.026981, -0.903190
-4.633769, -2.667845, -1.030707, 1.412606, -2.026328, -0.902938
-4.632357, -2.669871, -1.031610, 1.413739, -2.025676, -0.902686
-4.630943, -2.671897, -1.032512, 1.414871, -2.025022, -0.902433
-4.629528, -2.673922, -1.033415, 1.416003, -2.024368, -0.902181
-4.628112, -2.675946, -1.034317, 1.417135, -2.023714, -0.901928
-4.626695, -2.677970, -1.035219, 1.418266, -2.023059, -0.901675
-4.625277, -2.679993, -1.036121, 1.419397, -2.022404, -0.901421
-4.623857, -2.682016, -1.037022, 1.420528, -2.021748, -0.901168
-4.622437, -2.684037, -1.037923, 1.421658, -2.021092, -0.900914
-4.621015, -2.686058, -1.038824, 1.422788, -2.020435, -0.900660
-4.619592, -2.688079, -1.039725, 1.423918, -2.019777, -0.900405
-4.618168, -2.690099, -1.040625, 1.425047, -2.019120, -0.900151
-4.616743, -2.692118, -1.041525, 1.426176, -2.018461, -0.899896
-4.615317, -2.694136, -1.042425, 1.427305, -2.017802, -0.899641
-4.613890, -2.696154, -1.043325, 1.428434, -2.017143, -0.899386
-4.612461, -2.698171, -1.044224, 1.429562, -2.016483, -0.899131
-4.611032, -2.700188, -1.045123, 1.430690, -2.015823, -0.898875
-4.609601, -2.702203, -1.046022, 1.431817, -2.015162, -0.898619
-4.608169, -2.704219, -1.046921, 1.432944, -2.014500, -0.898363
-4.606736, -2.706233, -1.047819, 1.434071, -2.013838, -0.898107
-4.605302, -2.708247, -1.048717, 1.435197, -2.013176, -0.897850
-4.603867, -2.710260, -1.049615, 1.436324, -2.012513, -0.897594
-4.602431, -2.712273, -1.050513, 1.437449, -2.011849, -0.897337
-4.600993, -2.714284, -1.051410, 1.438575, -2.011185, -0.897080
-4.599555, -2.716296, -1.052307, 1.439700, -2.010521, -0.896822
-4.598115, -2.718306, -1.053204, 1.440825, -2.009856, -0.896564
-4.596674, -2.720316, -1.054100, 1.441949, -2.009191, -0.896307
-4.595232, -2.722325, -1.054997, 1.443074, -2.008525, -0.896048
-4.593789, -2.724334, -1.055893, 1.444197, -2.007858, -0.895790
-4.592345, -2.726342, -1.056789, 1.445321, -2.007191, -0.895532
-4.590900, -2.728349, -1.057684, 1.446444, -2.006524, -0.895273
-4.589453, -2.730355, -1.058579, 1.447567, -2.005856, -0.895014
-4.588006, -2.732361, -1.059474, 1.448689, -2.005187, -0.894755
-4.586557, -2.734366, -1.060369, 1.449812, -2.004518, -0.894495
-4.585107, -2.736371, -1.061264, 1.450934, -2.003848, -0.894236
-4.583656, -2.738375, -1.062158, 1.452055, -2.003178, -0.893976
-4.582204, -2.740378, -1.063052, 1.453176, -2.002508, -0.893716
-4.580751, -2.742380, -1.063946, 1.454297, -2.001837, -0.893455
-4.579297, -2.744382, -1.064839, 1.455418, -2.001165, -0.893195
-4.577841, -2.746383, -1.065732, 1.456538, -2.000493, -0.892934
-4.576385, -2.748384, -1.066625, 1.457658, -1.999821, -0.892673
-4.574927, -2.750384, -1.067518, 1.458777, -1.999148, -0.892412
-4.573468, -2.752383, -1.068410, 1.459897, -1.998474, -0.892150
-4.572009, -2.754381, -1.069302, 1.461016, -1.997800, -0.891888
-4.570547, -2.756379, -1.070194, 1.462134, -1.997125, -0.891627
-4.569085, -2.758376, -1.071086, 1.463252, -1.996450, -0.891364
-4.567622, -2.760373, -1.071977, 1.464370, -1.995775, -0.891102
-4.566158, -2.762368, -1.072868, 1.465488, -1.995099, -0.890839
-4.564692, -2.764364, -1.073759, 1.466605, -1.994422, -0.890577
-4.563226, -2.766358, -1.074650, 1.467722, -1.993745, -0.890314
-4.561758, -2.768352, -1.075540, 1.468838, -1.993067, -0.890050
-4.560289, -2.770345, -1.076430, 1.469955, -1.992389, -0.889787
-4.558819, -2.772337, -1.077320, 1.471071, -1.991711, -0.889523
-4.557348, -2.774329, -1.078210, 1.472186, -1.991032, -0.889259
-4.555876, -2.776320, -1.079099, 1.473301, -1.990352, -0.888995
-4.554403, -2.778310, -1.079988, 1.474416, -1.989672, -0.888731
-4.552928, -2.780300, -1.080877, 1.475531, -1.988991, -0.888466
-4.551453, -2.782289, -1.081765, 1.476645, -1.988310, -0.888201
-4.549976, -2.784277, -1.082653, 1.477759, -1.987629, -0.887936
-4.548498, -2.786265, -1.083541, 1.478872, -1.986946, -0.887671
-4.547019, -2.788252, -1.084429, 1.479986, -1.986264, -0.887406
-4.545539, -2.790238, -1.085316, 1.481098, -1.985581, -0.887140
-4.544058, -2.792224, -1.086203, 1.482211, -1.984897, -0.886874
-4.542576, -2.794209, -1.087090, 1.483323, -1.984213, -0.886608
-4.541093, -2.796193, -1.087977, 1.484435, -1.983528, -0.886341
-4.539608, -2.798176, -1.088863, 1.485546, -1.982843, -0.886075
-4.538123, -2.800159, -1.089749, 1.486658, -1.982158, -0.885808
-4.536636, -2.802141, -1.090635, 1.487769, -1.981471, -0.885541
-4.535148, -2.804123, -1.091521, 1.488879, -1.980785, -0.885274
-4.533659, -2.806104, -1.092406, 1.489989, -1.980098, -0.885006
-4.532169, -2.808084, -1.093291, 1.491099, -1.979410, -0.884738
-4.530678, -2.810063, -1.094176, 1.492208, -1.978722, -0.884470
-4.529186, -2.812042, -1.095060, 1.493318, -1.978033, -0.884202
-4.527693, -2.814020, -1.095944, 1.494426, -1.977344, -0.883934
-4.526198, -2.815997, -1.096828, 1.495535, -1.976655, -0.883665
-4.524703, -2.817974, -1.097712, 1.496643, -1.975964, -0.883396
-4.523206, -2.819950, -1.098595, 1.497751, -1.975274, -0.883127
-4.521708, -2.821925, -1.099478, 1.498858, -1.974583, -0.882858
-4.520210, -2.823900, -1.100361, 1.499965, -1.973891, -0.882589
-4.518710, -2.825874, -1.101244, 1.501072, -1.973199, -0.882319
-4.517209, -2.827847, -1.102126, 1.502178, -1.972506, -0.882049
-4.515706, -2.829819, -1.103008, 1.503285, -1.971813, -0.881779
-4.514203, -2.831791, -1.103890, 1.504390, -1.971119, -0.881508
-4.512699, -2.833762, -1.104771, 1.505496, -1.970425, -0.881238
-4.511193, -2.835733, -1.105653, 1.506601, -1.969731, -0.880967
-4.509687, -2.837702, -1.106534, 1.507705, -1.969036, -0.880696
-4.508179, -2.839671, -1.107414, 1.508810, -1.968340, -0.880425
-4.506670, -2.841640, -1.108295, 1.509914, -1.967644, -0.880153
-4.505160, -2.843607, -1.109175, 1.511017, -1.966947, -0.879881
-4.503649, -2.845574, -1.110055, 1.512121, -1.966250, -0.879609
-4.502137, -2.847541, -1.110934, 1.513224, -1.965552, -0.879337
-4.500624, -2.849506, -1.111814, 1.514326, -1.964854, -0.879065
-4.499110, -2.851471, -1.112693, 1.515429, -1.964156, -0.878792
-4.497594, -2.853435, -1.113572, 1.516531, -1.963457, -0.878519
-4.496078, -2.855399, -1.114450, 1.517632, -1.962757, -0.878246
-4.494560, -2.857361, -1.115328, 1.518733, -1.962057, -0.877973
-4.493041, -2.859323, -1.116206, 1.519834, -1.961356, -0.877700
-4.491521, -2.861285, -1.117084, 1.520935, -1.960655, -0.877426
-4.490000, -2.863245, -1.117962, 1.522035, -1.959954, -0.877152
-4.488478, -2.865205, -1.118839, 1.523135, -1.959251, -0.876878
-4.486955, -2.867165, -1.119716, 1.524235, -1.958549, -0.876603
-4.485431, -2.869123, -1.120592, 1.525334, -1.957846, -0.876329
-4.483906, -2.871081, -1.121468, 1.526433, -1.957142, -0.876054
-4.482379, -2.873038, -1.122345, 1.527531, -1.956438, -0.875779
-4.480852, -2.874995, -1.123220, 1.528629, -1.955733, -0.875504
-4.479323, -2.876950, -1.124096, 1.529727, -1.955028, -0.875228
-4.477793, -2.878905, -1.124971, 1.530824, -1.954323, -0.874952
-4.476263, -2.880860, -1.125846, 1.531922, -1.953617, -0.874676
-4.474731, -2.882813, -1.126721, 1.533018, -1.952910, -0.874400
-4.473198, -2.884766, -1.127595, 1.534115, -1.952203, -0.874124
-4.471663, -2.886718, -1.128469, 1.535211, -1.951496, -0.873847
-4.470128, -2.888670, -1.129343, 1.536306, -1.950787, -0.873570
-4.468592, -2.890621, -1.130217, 1.537402, -1.950079, -0.873293
-4.467055, -2.892571, -1.131090, 1.538497, -1.949370, -0.873016
-4.465516, -2.894520, -1.131963, 1.539591, -1.948660, -0.872739
-4.463976, -2.896469, -1.132836, 1.540686, -1.947950, -0.872461
-4.462436, -2.898417, -1.133708, 1.541780, -1.947240, -0.872183
-4.460894, -2.900364, -1.134580, 1.542873, -1.946529, -0.871905
-4.459351, -2.902311, -1.135452, 1.543966, -1.945817, -0.871627
-4.457807, -2.904256, -1.136324, 1.545059, -1.945105, -0.871348
-4.456262, -2.906201, -1.137195, 1.546152, -1.944393, -0.871069
-4.454716, -2.908146, -1.138066, 1.547244, -1.943680, -0.870790
-4.453169, -2.910090, -1.138937, 1.548336, -1.942966, -0.870511
-4.451620, -2.912032, -1.139808, 1.549427, -1.942252, -0.870231
-4.450071, -2.913975, -1.140678, 1.550519, -1.941538, -0.869952
-4.448520, -2.915916, -1.141548, 1.551609, -1.940823, -0.869672
-4.446969, -2.917857, -1.142417, 1.552700, -1.940107, -0.869392
-4.445416, -2.919797, -1.143287, 1.553790, -1.939391, -0.869111
-4.443862, -2.921737, -1.144156, 1.554880, -1.938675, -0.868831
-4.442307, -2.923675, -1.145025, 1.555969, -1.937958, -0.868550
-4.440751, -2.925613, -1.145893, 1.557058, -1.937240, -0.868269
-4.439194, -2.927550, -1.146762, 1.558147, -1.936522, -0.867988
-4.437636, -2.929487, -1.147630, 1.559235, -1.935804, -0.867706
-4.436077, -2.931423, -1.148497, 1.560323, -1.935085, -0.867425
-4.434517, -2.933358, -1.149365, 1.561410, -1.934366, -0.867143
-4.432955, -2.935292, -1.150232, 1.562498, -1.933646, -0.866861
-4.431393, -2.937226, -1.151099, 1.563585, -1.932925, -0.866578
-4.429829, -2.939159, -1.151965, 1.564671, -1.932204, -0.866296
-4.428265, -2.941091, -1.152832, 1.565757, -1.931483, -0.866013
-4.426699, -2.943023, -1.153698, 1.566843, -1.930761, -0.865730
-4.425132, -2.944953, -1.154563, 1.567928, -1.930039, -0.865447
-4.423564, -2.946883, -1.155429, 1.569014, -1.929316, -0.865163
-4.421995, -2.948813, -1.156294, 1.570098, -1.928593, -0.864880
-4.420425, -2.950741, -1.157159, 1.571183, -1.927869, -0.864596
-4.418854, -2.952669, -1.158023, 1.572267, -1.927144, -0.864312
-4.417281, -2.954596, -1.158888, 1.573350, -1.926420, -0.864027
-4.415708, -2.956523, -1.159752, 1.574434, -1.925694, -0.863743
-4.414134, -2.958448, -1.160615, 1.575517, -1.924968, -0.863458
-4.412558, -2.960373, -1.161479, 1.576599, -1.924242, -0.863173
-4.410982, -2.962298, -1.162342, 1.577681, -1.923515, -0.862888
-4.409404, -2.964221, -1.163205, 1.578763, -1.922788, -0.862603
-4.407825, -2.966144, -1.164068, 1.579845, -1.922060, -0.862317
-4.406245, -2.968066, -1.164930, 1.580926, -1.921332, -0.862031
-4.404664, -2.969987, -1.165792, 1.582007, -1.920603, -0.861745
-4.403082, -2.971908, -1.166654, 1.583087, -1.919874, -0.861459
-4.401499, -2.973828, -1.167515, 1.584167, -1.919144, -0.861172
-4.399915, -2.975747, -1.168376, 1.585247, -1.918414, -0.860886
-4.398330, -2.977665, -1.169237, 1.586326, -1.917683, -0.860599
-4.396744, -2.979583, -1.170098, 1.587405, -1.916952, -0.860312
-4.395156, -2.981500, -1.170958, 1.588484, -1.916220, -0.860024
-4.393568, -2.983416, -1.171818, 1.589562, -1.915488, -0.859737
-4.391978, -2.985332, -1.172678, 1.590640, -1.914755, -0.859449
-4.390387, -2.987246, -1.173537, 1.591718, -1.914022, -0.859161
-4.388796, -2.989160, -1.174396, 1.592795, -1.913289, -0.858873
-4.387203, -2.991074, -1.175255, 1.593872, -1.912555, -0.858584
-4.385609, -2.992986, -1.176114, 1.594948, -1.911820, -0.858295
-4.384014, -2.994898, -1.176972, 1.596024, -1.911085, -0.858007
-4.382418, -2.996809, -1.177830, 1.597100, -1.910349, -0.857717
-4.380821, -2.998719, -1.178688, 1.598175, -1.909613, -0.857428
-4.379223, -3.000629, -1.179545, 1.599250, -1.908876, -0.857139
-4.377624, -3.002538, -1.180403, 1.600325, -1.908139, -0.856849
-4.376023, -3.004446, -1.181259, 1.601399, -1.907402, -0.856559
-4.374422, -3.006354, -1.182116, 1.602473, -1.906664, -0.856269
-4.372819, -3.008260, -1.182972, 1.603547, -1.905925, -0.855978
-4.371216, -3.010166, -1.183828, 1.604620, -1.905186, -0.855687
-4.369611, -3.012071, -1.184684, 1.605693, -1.904447, -0.855397
-4.368005, -3.013976, -1.185539, 1.606765, -1.903707, -0.855106
-4.366399, -3.015879, -1.186394, 1.607837, -1.902966, -0.854814
-4.364791, -3.017782, -1.187249, 1.608909, -1.902225, -0.854523
-4.363182, -3.019685, -1.188104, 1.609980, -1.901484, -0.854231
-4.361572, -3.021586, -1.188958, 1.611051, -1.900742, -0.853939
-4.359961, -3.023487, -1.189812, 1.612122, -1.899999, -0.853647
-4.358349, -3.025387, -1.190666, 1.613192, -1.899256, -0.853355
