Posicion                     Velocidad
-0.832646, -1.178236, -0.517925, 4.483728, -2.081959, -1.076096
-0.828162, -1.180318, -0.519001, 4.492805, -2.069022, -1.070407
-0.823669, -1.182387, -0.520072, 4.501840, -2.056052, -1.064702
-0.819167, -1.184443, -0.521137, 4.510835, -2.043046, -1.058980
-0.814656, -1.186486, -0.522195, 4.519788, -2.030007, -1.053241
-0.810137, -1.188516, -0.523249, 4.528700, -2.016933, -1.047485
-0.805608, -1.190533, -0.524296, 4.537569, -2.003825, -1.041713
-0.801070, -1.192536, -0.525338, 4.546397, -1.990683, -1.035923
-0.796524, -1.194527, -0.526374, 4.555183, -1.977507, -1.030117
-0.791969, -1.196505, -0.527404, 4.563927, -1.964298, -1.024295
-0.787405, -1.198469, -0.528428, 4.572628, -1.951054, -1.018456
-0.782832, -1.200420, -0.529447, 4.581286, -1.937777, -1.012600
-0.778251, -1.202358, -0.530459, 4.589902, -1.924467, -1.006727
-0.773661, -1.204282, -0.531466, 4.598474, -1.911122, -1.000838
-0.769063, -1.206193, -0.532467, 4.607004, -1.897745, -0.994933
-0.764456, -1.208091, -0.533462, 4.615490, -1.884334, -0.989011
-0.759840, -1.209975, -0.534451, 4.623933, -1.870890, -0.983072
-0.755216, -1.211846, -0.535434, 4.632332, -1.857412, -0.977118
-0.750584, -1.213704, -0.536411, 4.640687, -1.843902, -0.971147
-0.745943, -1.215548, -0.537382, 4.648998, -1.830359, -0.965159
-0.741294, -1.217378, -0.538347, 4.657265, -1.816783, -0.959156
-0.736637, -1.219195, -0.539306, 4.665487, -1.803174, -0.953136
-0.731971, -1.220998, -0.540260, 4.673665, -1.789532, -0.947100
-0.727298, -1.222787, -0.541207, 4.681798, -1.775858, -0.941048
-0.722616, -1.224563, -0.542148, 4.689887, -1.762151, -0.934979
-0.717926, -1.226325, -0.543083, 4.697930, -1.748412, -0.928895
-0.713228, -1.228074, -0.544012, 4.705928, -1.734641, -0.922795
-0.708522, -1.229809, -0.544934, 4.713880, -1.720837, -0.916678
-0.703808, -1.231529, -0.545851, 4.721787, -1.707002, -0.910546
-0.699086, -1.233236, -0.546762, 4.729648, -1.693134, -0.904398
-0.694357, -1.234930, -0.547666, 4.737463, -1.679235, -0.898234
-0.689619, -1.236609, -0.548564, 4.745232, -1.665304, -0.892054
-0.684874, -1.238274, -0.549456, 4.752955, -1.651341, -0.885858
-0.680121, -1.239925, -0.550342, 4.760631, -1.637347, -0.879647
-0.675361, -1.241563, -0.551222, 4.768261, -1.623321, -0.873419
-0.670592, -1.243186, -0.552095, 4.775843, -1.609264, -0.867177
-0.665816, -1.244795, -0.552962, 4.783379, -1.595175, -0.860918
-0.661033, -1.246391, -0.553823, 4.790867, -1.581056, -0.854644
-0.656242, -1.247972, -0.554678, 4.798308, -1.566905, -0.848355
-0.651444, -1.249538, -0.555526, 4.805702, -1.552724, -0.842050
-0.646638, -1.251091, -0.556368, 4.813048, -1.538512, -0.835730
-0.641825, -1.252630, -0.557204, 4.820345, -1.524269, -0.829394
-0.637005, -1.254154, -0.558034, 4.827595, -1.509995, -0.823043
-0.632177, -1.255664, -0.558857, 4.834797, -1.495691, -0.816677
-0.627342, -1.257160, -0.559673, 4.841950, -1.481357, -0.810295
-0.622500, -1.258641, -0.560484, 4.849054, -1.466992, -0.803899
-0.617651, -1.260108, -0.561287, 4.856110, -1.452597, -0.797487
-0.612795, -1.261561, -0.562085, 4.863117, -1.438173, -0.791060
-0.607932, -1.262999, -0.562876, 4.870074, -1.423718, -0.784618
-0.603062, -1.264422, -0.563661, 4.876982, -1.409234, -0.778161
-0.598185, -1.265832, -0.564439, 4.883841, -1.394720, -0.771689
-0.593301, -1.267226, -0.565210, 4.890650, -1.380176, -0.765203
-0.588411, -1.268607, -0.565976, 4.897410, -1.365603, -0.758701
-0.583513, -1.269972, -0.566734, 4.904119, -1.351001, -0.752185
-0.578609, -1.271323, -0.567487, 4.910778, -1.336370, -0.745654
-0.573698, -1.272660, -0.568232, 4.917387, -1.321709, -0.739108
-0.568781, -1.273981, -0.568971, 4.923945, -1.307020, -0.732548
-0.563857, -1.275288, -0.569704, 4.930452, -1.292302, -0.725973
-0.558927, -1.276581, -0.570430, 4.936909, -1.277555, -0.719383
-0.553990, -1.277858, -0.571149, 4.943315, -1.262780, -0.712779
-0.549046, -1.279121, -0.571862, 4.949669, -1.247976, -0.706161
-0.544097, -1.280369, -0.572568, 4.955972, -1.233144, -0.699528
-0.539141, -1.281602, -0.573268, 4.962223, -1.218284, -0.692881
-0.534178, -1.282820, -0.573961, 4.968423, -1.203396, -0.686220
-0.529210, -1.284024, -0.574647, 4.974570, -1.188480, -0.679544
-0.524235, -1.285212, -0.575326, 4.980666, -1.173536, -0.672855
-0.519255, -1.286386, -0.575999, 4.986709, -1.158565, -0.666151
-0.514268, -1.287544, -0.576665, 4.992700, -1.143566, -0.659433
-0.509275, -1.288688, -0.577325, 4.998638, -1.128539, -0.652702
-0.504277, -1.289816, -0.577977, 5.004523, -1.113486, -0.645956
-0.499272, -1.290930, -0.578623, 5.010356, -1.098405, -0.639197
-0.494262, -1.292028, -0.579263, 5.016135, -1.083298, -0.632424
-0.489246, -1.293112, -0.579895, 5.021861, -1.068164, -0.625637
-0.484224, -1.294180, -0.580521, 5.027534, -1.053003, -0.618836
-0.479196, -1.295233, -0.581140, 5.033153, -1.037816, -0.612022
-0.474163, -1.296271, -0.581752, 5.038718, -1.022602, -0.605194
-0.469124, -1.297293, -0.582357, 5.044229, -1.007362, -0.598353
-0.464080, -1.298301, -0.582955, 5.049686, -0.992096, -0.591498
-0.459031, -1.299293, -0.583547, 5.055088, -0.976804, -0.584630
-0.453975, -1.300269, -0.584131, 5.060436, -0.961486, -0.577749
-0.448915, -1.301231, -0.584709, 5.065730, -0.946142, -0.570854
-0.443849, -1.302177, -0.585280, 5.070968, -0.930774, -0.563946
-0.438778, -1.303108, -0.585844, 5.076152, -0.915379, -0.557025
-0.433702, -1.304023, -0.586401, 5.081280, -0.899960, -0.550092
-0.428621, -1.304923, -0.586951, 5.086353, -0.884515, -0.543145
-0.423535, -1.305808, -0.587494, 5.091370, -0.869046, -0.536185
-0.418443, -1.306677, -0.588030, 5.096332, -0.853552, -0.529212
-0.413347, -1.307530, -0.588559, 5.101238, -0.838033, -0.522227
-0.408246, -1.308368, -0.589082, 5.106088, -0.822490, -0.515228
-0.403139, -1.309191, -0.589597, 5.110882, -0.806922, -0.508218
-0.398029, -1.309998, -0.590105, 5.115619, -0.791331, -0.501194
-0.392913, -1.310789, -0.590606, 5.120300, -0.775715, -0.494158
-0.387793, -1.311565, -0.591100, 5.124924, -0.760076, -0.487110
-0.382668, -1.312325, -0.591588, 5.129491, -0.744413, -0.480049
-0.377538, -1.313069, -0.592068, 5.134001, -0.728726, -0.472976
-0.372404, -1.313798, -0.592541, 5.138455, -0.713016, -0.465891
-0.367266, -1.314511, -0.593006, 5.142850, -0.697283, -0.458793
-0.362123, -1.315208, -0.593465, 5.147188, -0.681527, -0.451683
-0.356976, -1.315890, -0.593917, 5.151469, -0.665748, -0.444562
-0.351824, -1.316556, -0.594362, 5.155692, -0.649947, -0.437428
-0.346669, -1.317206, -0.594799, 5.159856, -0.634123, -0.430283
-0.341509, -1.317840, -0.595229, 5.163963, -0.618276, -0.423125
-0.336345, -1.318458, -0.595652, 5.168011, -0.602408, -0.415956
-0.331177, -1.319060, -0.596068, 5.172001, -0.586517, -0.408775
-0.326005, -1.319647, -0.596477, 5.175932, -0.570605, -0.401583
-0.320829, -1.320217, -0.596879, 5.179804, -0.554671, -0.394379
-0.315649, -1.320772, -0.597273, 5.183617, -0.538715, -0.387164
-0.310465, -1.321311, -0.597660, 5.187371, -0.522738, -0.379937
-0.305278, -1.321834, -0.598040, 5.191066, -0.506740, -0.372699
-0.300087, -1.322340, -0.598413, 5.194701, -0.490721, -0.365450
-0.294892, -1.322831, -0.598778, 5.198277, -0.474682, -0.358189
-0.289694, -1.323306, -0.599136, 5.201792, -0.458621, -0.350918
-0.284492, -1.323764, -0.599487, 5.205248, -0.442540, -0.343636
-0.279287, -1.324207, -0.599831, 5.208644, -0.426439, -0.336342
-0.274078, -1.324633, -0.600167, 5.211980, -0.410318, -0.329038
-0.268866, -1.325044, -0.600496, 5.215255, -0.394177, -0.321723
-0.263651, -1.325438, -0.600818, 5.218470, -0.378016, -0.314397
-0.258433, -1.325816, -0.601133, 5.221624, -0.361836, -0.307061
-0.253211, -1.326178, -0.601440, 5.224717, -0.345636, -0.299714
-0.247986, -1.326523, -0.601739, 5.227749, -0.329418, -0.292357
-0.242759, -1.326853, -0.602032, 5.230720, -0.313180, -0.284990
-0.237528, -1.327166, -0.602317, 5.233629, -0.296923, -0.277612
-0.232294, -1.327463, -0.602594, 5.236477, -0.280648, -0.270224
-0.227058, -1.327744, -0.602864, 5.239263, -0.264354, -0.262826
-0.221818, -1.328008, -0.603127, 5.241988, -0.248043, -0.255417
-0.216576, -1.328256, -0.603383, 5.244651, -0.231713, -0.247999
-0.211332, -1.328488, -0.603631, 5.247251, -0.215365, -0.240571
-0.206085, -1.328703, -0.603871, 5.249790, -0.199000, -0.233134
-0.200835, -1.328902, -0.604104, 5.252265, -0.182617, -0.225686
-0.195583, -1.329085, -0.604330, 5.254679, -0.166217, -0.218229
-0.190328, -1.329251, -0.604548, 5.257029, -0.149800, -0.210763
-0.185071, -1.329401, -0.604759, 5.259317, -0.133366, -0.203287
-0.179811, -1.329534, -0.604962, 5.261542, -0.116915, -0.195801
-0.174550, -1.329651, -0.605158, 5.263704, -0.100448, -0.188307
-0.169286, -1.329751, -0.605347, 5.265802, -0.083965, -0.180803
-0.164020, -1.329835, -0.605527, 5.267837, -0.067465, -0.173290
-0.158753, -1.329903, -0.605701, 5.269809, -0.050950, -0.165768
-0.153483, -1.329954, -0.605866, 5.271717, -0.034419, -0.158237
-0.148211, -1.329988, -0.606025, 5.273560, -0.017872, -0.150698
-0.142938, -1.330006, -0.606175, 5.275340, -0.001311, -0.143149
-0.137662, -1.330007, -0.606318, 5.277056, 0.015266, -0.135592
-0.132385, -1.329992, -0.606454, 5.278708, 0.031858, -0.128027
-0.127106, -1.329960, -0.606582, 5.280295, 0.048464, -0.120453
-0.121826, -1.329912, -0.606703, 5.281817, 0.065085, -0.112871
-0.116544, -1.329847, -0.606815, 5.283275, 0.081720, -0.105280
-0.111261, -1.329765, -0.606921, 5.284668, 0.098369, -0.097681
-0.105976, -1.329667, -0.607018, 5.285996, 0.115031, -0.090074
-0.100690, -1.329552, -0.607108, 5.287259, 0.131708, -0.082460
-0.095403, -1.329420, -0.607191, 5.288457, 0.148397, -0.074837
-0.090115, -1.329271, -0.607266, 5.289589, 0.165100, -0.067206
-0.084825, -1.329106, -0.607333, 5.290656, 0.181816, -0.059568
-0.079534, -1.328925, -0.607393, 5.291657, 0.198544, -0.051922
-0.074243, -1.328726, -0.607444, 5.292593, 0.215285, -0.044269
-0.068950, -1.328511, -0.607489, 5.293462, 0.232039, -0.036608
-0.063657, -1.328279, -0.607525, 5.294266, 0.248804, -0.028940
-0.058362, -1.328030, -0.607554, 5.295003, 0.265581, -0.021265
-0.053067, -1.327764, -0.607576, 5.295674, 0.282370, -0.013582
-0.047772, -1.327482, -0.607589, 5.296278, 0.299170, -0.005893
-0.042475, -1.327183, -0.607595, 5.296816, 0.315982, 0.001804
-0.037179, -1.326867, -0.607593, 5.297288, 0.332804, 0.009507
-0.031881, -1.326534, -0.607584, 5.297692, 0.349637, 0.017217
-0.026584, -1.326184, -0.607566, 5.298030, 0.366481, 0.024933
-0.021286, -1.325818, -0.607542, 5.298301, 0.383335, 0.032657
-0.015987, -1.325434, -0.607509, 5.298504, 0.400199, 0.040386
-0.010689, -1.325034, -0.607468, 5.298640, 0.417072, 0.048122
-0.005390, -1.324617, -0.607420, 5.298709, 0.433956, 0.055864
-0.000091, -1.324183, -0.607364, 5.298710, 0.450848, 0.063612
0.005207, -1.323732, -0.607301, 5.298643, 0.467750, 0.071366
0.010506, -1.323265, -0.607230, 5.298509, 0.484661, 0.079127
0.015804, -1.322780, -0.607150, 5.298307, 0.501580, 0.086892
0.021103, -1.322278, -0.607063, 5.298037, 0.518508, 0.094664
0.026401, -1.321760, -0.606969, 5.297699, 0.535444, 0.102441
0.031698, -1.321224, -0.606866, 5.297292, 0.552388, 0.110224
0.036996, -1.320672, -0.606756, 5.296817, 0.569340, 0.118012
0.042293, -1.320103, -0.606638, 5.296274, 0.586299, 0.125805
0.047589, -1.319516, -0.606512, 5.295662, 0.603265, 0.133604
0.052884, -1.318913, -0.606379, 5.294981, 0.620239, 0.141408
0.058179, -1.318293, -0.606237, 5.294232, 0.637219, 0.149216
0.063474, -1.317656, -0.606088, 5.293414, 0.654205, 0.157030
0.068767, -1.317002, -0.605931, 5.292527, 0.671198, 0.164848
0.074060, -1.316330, -0.605766, 5.291570, 0.688197, 0.172671
0.079351, -1.315642, -0.605594, 5.290545, 0.705202, 0.180498
0.084642, -1.314937, -0.605413, 5.289450, 0.722212, 0.188330
0.089931, -1.314215, -0.605225, 5.288285, 0.739228, 0.196166
0.095219, -1.313475, -0.605029, 5.287051, 0.756248, 0.204006
0.100507, -1.312719, -0.604825, 5.285748, 0.773273, 0.211850
0.105792, -1.311946, -0.604613, 5.284375, 0.790303, 0.219698
0.111077, -1.311156, -0.604393, 5.282931, 0.807338, 0.227550
0.116360, -1.310348, -0.604165, 5.281418, 0.824376, 0.235406
0.121641, -1.309524, -0.603930, 5.279835, 0.841418, 0.243266
0.126921, -1.308683, -0.603687, 5.278182, 0.858463, 0.251129
0.132199, -1.307824, -0.603436, 5.276459, 0.875512, 0.258995
0.137475, -1.306949, -0.603177, 5.274665, 0.892564, 0.266865
0.142750, -1.306056, -0.602910, 5.272801, 0.909618, 0.274738
0.148023, -1.305146, -0.602635, 5.270867, 0.926676, 0.282614
0.153294, -1.304220, -0.602352, 5.268862, 0.943735, 0.290492
0.158563, -1.303276, -0.602062, 5.266786, 0.960796, 0.298374
0.163829, -1.302315, -0.601764, 5.264639, 0.977859, 0.306259
0.169094, -1.301337, -0.601457, 5.262422, 0.994924, 0.314146
0.174357, -1.300342, -0.601143, 5.260134, 1.011990, 0.322035
0.179617, -1.299330, -0.600821, 5.257774, 1.029057, 0.329927
0.184874, -1.298301, -0.600491, 5.255344, 1.046124, 0.337821
0.190130, -1.297255, -0.600153, 5.252843, 1.063192, 0.345717
0.195383, -1.296192, -0.599808, 5.250270, 1.080260, 0.353615
0.200633, -1.295112, -0.599454, 5.247626, 1.097328, 0.361515
0.205880, -1.294014, -0.599093, 5.244910, 1.114395, 0.369417
0.211125, -1.292900, -0.598723, 5.242123, 1.131462, 0.377320
0.216368, -1.291769, -0.598346, 5.239265, 1.148528, 0.385225
0.221607, -1.290620, -0.597961, 5.236335, 1.165593, 0.393132
0.226843, -1.289454, -0.597567, 5.233333, 1.182657, 0.401039
0.232076, -1.288272, -0.597166, 5.230259, 1.199718, 0.408948
0.237307, -1.287072, -0.596757, 5.227114, 1.216778, 0.416858
0.242534, -1.285855, -0.596341, 5.223897, 1.233835, 0.424769
0.247758, -1.284621, -0.595916, 5.220607, 1.250890, 0.432680
0.252978, -1.283371, -0.595483, 5.217246, 1.267943, 0.440592
0.258196, -1.282103, -0.595043, 5.213812, 1.284992, 0.448505
0.263409, -1.280818, -0.594594, 5.210307, 1.302037, 0.456418
0.268620, -1.279516, -0.594138, 5.206729, 1.319080, 0.464332
0.273826, -1.278197, -0.593673, 5.203079, 1.336118, 0.472245
0.279030, -1.276860, -0.593201, 5.199357, 1.353152, 0.480159
0.284229, -1.275507, -0.592721, 5.195562, 1.370181, 0.488073
0.289424, -1.274137, -0.592233, 5.191695, 1.387206, 0.495986
0.294616, -1.272750, -0.591737, 5.187755, 1.404226, 0.503899
0.299804, -1.271346, -0.591233, 5.183742, 1.421241, 0.511812
0.304988, -1.269924, -0.590721, 5.179658, 1.438250, 0.519723
0.310167, -1.268486, -0.590201, 5.175500, 1.455253, 0.527635
0.315343, -1.267031, -0.589674, 5.171270, 1.472250, 0.535545
0.320514, -1.265559, -0.589138, 5.166967, 1.489241, 0.543455
0.325681, -1.264069, -0.588595, 5.162591, 1.506225, 0.551363
0.330844, -1.262563, -0.588043, 5.158142, 1.523202, 0.559270
0.336002, -1.261040, -0.587484, 5.153621, 1.540171, 0.567176
0.341155, -1.259500, -0.586917, 5.149026, 1.557133, 0.575080
0.346304, -1.257943, -0.586342, 5.144359, 1.574088, 0.582983
0.351449, -1.256369, -0.585759, 5.139618, 1.591034, 0.590883
0.356588, -1.254778, -0.585168, 5.134805, 1.607972, 0.598782
0.361723, -1.253170, -0.584569, 5.129918, 1.624901, 0.606679
0.366853, -1.251545, -0.583963, 5.124959, 1.641821, 0.614574
0.371978, -1.249903, -0.583348, 5.119926, 1.658732, 0.622467
0.377098, -1.248244, -0.582726, 5.114820, 1.675633, 0.630357
0.382213, -1.246568, -0.582095, 5.109641, 1.692525, 0.638244
0.387322, -1.244876, -0.581457, 5.104388, 1.709406, 0.646129
0.392427, -1.243167, -0.580811, 5.099063, 1.726277, 0.654012
0.397526, -1.241440, -0.580157, 5.093664, 1.743137, 0.661891
0.402620, -1.239697, -0.579495, 5.088192, 1.759986, 0.669767
0.407708, -1.237937, -0.578825, 5.082646, 1.776824, 0.677640
0.412790, -1.236160, -0.578147, 5.077028, 1.793650, 0.685509
0.417867, -1.234367, -0.577462, 5.071336, 1.810465, 0.693375
0.422939, -1.232556, -0.576769, 5.065570, 1.827267, 0.701238
0.428004, -1.230729, -0.576067, 5.059731, 1.844057, 0.709097
0.433064, -1.228885, -0.575358, 5.053819, 1.860833, 0.716952
0.438118, -1.227024, -0.574641, 5.047833, 1.877597, 0.724802
0.443166, -1.225146, -0.573917, 5.041774, 1.894348, 0.732649
0.448207, -1.223252, -0.573184, 5.035642, 1.911085, 0.740492
0.453243, -1.221341, -0.572443, 5.029436, 1.927807, 0.748330
0.458273, -1.219413, -0.571695, 5.023157, 1.944516, 0.756163
0.463296, -1.217469, -0.570939, 5.016804, 1.961210, 0.763992
0.468313, -1.215507, -0.570175, 5.010378, 1.977889, 0.771816
0.473323, -1.213530, -0.569403, 5.003878, 1.994553, 0.779635
0.478327, -1.211535, -0.568623, 4.997305, 2.011202, 0.787448
0.483324, -1.209524, -0.567836, 4.990659, 2.027834, 0.795257
0.488315, -1.207496, -0.567041, 4.983939, 2.044451, 0.803060
0.493299, -1.205452, -0.566238, 4.977146, 2.061051, 0.810858
0.498276, -1.203391, -0.565427, 4.970279, 2.077635, 0.818650
0.503246, -1.201313, -0.564608, 4.963339, 2.094202, 0.826436
0.508209, -1.199219, -0.563782, 4.956325, 2.110751, 0.834216
0.513166, -1.197108, -0.562948, 4.949239, 2.127283, 0.841991
0.518115, -1.194981, -0.562106, 4.942079, 2.143797, 0.849759
0.523057, -1.192837, -0.561256, 4.934845, 2.160293, 0.857520
0.527992, -1.190677, -0.560398, 4.927539, 2.176770, 0.865276
0.532919, -1.188500, -0.559533, 4.920159, 2.193229, 0.873024
0.537840, -1.186307, -0.558660, 4.912705, 2.209668, 0.880766
0.542752, -1.184097, -0.557779, 4.905179, 2.226089, 0.888501
0.547658, -1.181871, -0.556891, 4.897579, 2.242489, 0.896228
0.552555, -1.179628, -0.555994, 4.889906, 2.258869, 0.903949
0.557445, -1.177369, -0.555091, 4.882160, 2.275229, 0.911662
0.562327, -1.175094, -0.554179, 4.874341, 2.291569, 0.919368
0.567201, -1.172803, -0.553259, 4.866449, 2.307887, 0.927066
0.572068, -1.170495, -0.552332, 4.858484, 2.324185, 0.934756
0.576926, -1.168171, -0.551398, 4.850446, 2.340461, 0.942439
0.581777, -1.165830, -0.550455, 4.842335, 2.356715, 0.950113
0.586619, -1.163473, -0.549505, 4.834151, 2.372946, 0.957780
0.591453, -1.161100, -0.548547, 4.825894, 2.389156, 0.965438
0.596279, -1.158711, -0.547582, 4.817564, 2.405342, 0.973087
0.601097, -1.156306, -0.546609, 4.809162, 2.421506, 0.980728
0.605906, -1.153884, -0.545628, 4.800686, 2.437646, 0.988360
0.610707, -1.151447, -0.544640, 4.792139, 2.453763, 0.995983
0.615499, -1.148993, -0.543644, 4.783518, 2.469855, 1.003597
0.620282, -1.146523, -0.542640, 4.774825, 2.485923, 1.011202
0.625057, -1.144037, -0.541629, 4.766059, 2.501967, 1.018798
0.629823, -1.141535, -0.540610, 4.757221, 2.517986, 1.026384
0.634580, -1.139017, -0.539584, 4.748311, 2.533979, 1.033961
0.639329, -1.136483, -0.538550, 4.739328, 2.549947, 1.041527
0.644068, -1.133933, -0.537508, 4.730273, 2.565889, 1.049084
0.648798, -1.131367, -0.536459, 4.721146, 2.581805, 1.056631
0.653519, -1.128786, -0.535403, 4.711946, 2.597695, 1.064168
0.658231, -1.126188, -0.534338, 4.702675, 2.613558, 1.071694
0.662934, -1.123574, -0.533267, 4.693332, 2.629393, 1.079210
0.667627, -1.120945, -0.532187, 4.683916, 2.645202, 1.086715
0.672311, -1.118300, -0.531101, 4.674429, 2.660982, 1.094210
0.676986, -1.115639, -0.530007, 4.664870, 2.676735, 1.101693
0.681651, -1.112962, -0.528905, 4.655240, 2.692459, 1.109166
0.686306, -1.110270, -0.527796, 4.645537, 2.708155, 1.116627
0.690951, -1.107561, -0.526679, 4.635764, 2.723822, 1.124077
0.695587, -1.104838, -0.525555, 4.625919, 2.739459, 1.131516
0.700213, -1.102098, -0.524423, 4.616002, 2.755067, 1.138943
0.704829, -1.099343, -0.523285, 4.606014, 2.770645, 1.146358
0.709435, -1.096573, -0.522138, 4.595956, 2.786193, 1.153761
0.714031, -1.093786, -0.520984, 4.585826, 2.801711, 1.161152
0.718617, -1.090985, -0.519823, 4.575625, 2.817197, 1.168531
0.723193, -1.088167, -0.518655, 4.565353, 2.832653, 1.175898
0.727758, -1.085335, -0.517479, 4.555010, 2.848077, 1.183252
0.732313, -1.082487, -0.516296, 4.544597, 2.863470, 1.190594
0.736857, -1.079623, -0.515105, 4.534113, 2.878830, 1.197922
0.741392, -1.076744, -0.513907, 4.523559, 2.894159, 1.205238
0.745915, -1.073850, -0.512702, 4.512935, 2.909454, 1.212541
0.750428, -1.070941, -0.511489, 4.502240, 2.924717, 1.219831
0.754930, -1.068016, -0.510269, 4.491475, 2.939946, 1.227107
0.759422, -1.065076, -0.509042, 4.480640, 2.955142, 1.234369
0.763902, -1.062121, -0.507808, 4.469735, 2.970304, 1.241619
0.768372, -1.059151, -0.506566, 4.458760, 2.985432, 1.248854
0.772831, -1.056165, -0.505317, 4.447716, 3.000526, 1.256075
0.777279, -1.053165, -0.504061, 4.436602, 3.015584, 1.263283
0.781715, -1.050149, -0.502798, 4.425419, 3.030608, 1.270476
0.786141, -1.047118, -0.501528, 4.414166, 3.045596, 1.277654
0.790555, -1.044073, -0.500250, 4.402844, 3.060548, 1.284819
0.794958, -1.041012, -0.498965, 4.391453, 3.075465, 1.291968
0.799349, -1.037937, -0.497673, 4.379994, 3.090345, 1.299103
0.803729, -1.034847, -0.496374, 4.368465, 3.105189, 1.306223
0.808098, -1.031741, -0.495068, 4.356868, 3.119995, 1.313328
0.812454, -1.028621, -0.493755, 4.345202, 3.134765, 1.320417
0.816800, -1.025487, -0.492434, 4.333468, 3.149497, 1.327492
0.821133, -1.022337, -0.491107, 4.321666, 3.164191, 1.334550
0.825455, -1.019173, -0.489772, 4.309796, 3.178847, 1.341593
0.829765, -1.015994, -0.488431, 4.297857, 3.193465, 1.348621
0.834062, -1.012801, -0.487082, 4.285851, 3.208044, 1.355632
0.838348, -1.009593, -0.485726, 4.273778, 3.222584, 1.362627
0.842622, -1.006370, -0.484364, 4.261636, 3.237084, 1.369607
0.846884, -1.003133, -0.482994, 4.249428, 3.251545, 1.376569
0.851133, -0.999881, -0.481617, 4.237152, 3.265967, 1.383516
0.855370, -0.996615, -0.480234, 4.224809, 3.280347, 1.390445
0.859595, -0.993335, -0.478844, 4.212400, 3.294688, 1.397358
0.863808, -0.990040, -0.477446, 4.199923, 3.308987, 1.404254
0.868007, -0.986731, -0.476042, 4.187381, 3.323246, 1.411133
0.872195, -0.983408, -0.474631, 4.174771, 3.337463, 1.417995
0.876370, -0.980071, -0.473213, 4.162096, 3.351638, 1.424839
0.880532, -0.976719, -0.471788, 4.149354, 3.365772, 1.431666
0.884681, -0.973353, -0.470356, 4.136547, 3.379863, 1.438475
0.888818, -0.969973, -0.468918, 4.123674, 3.393911, 1.445267
0.892941, -0.966579, -0.467473, 4.110735, 3.407917, 1.452040
0.897052, -0.963172, -0.466020, 4.097731, 3.421879, 1.458796
0.901150, -0.959750, -0.464562, 4.084662, 3.435798, 1.465533
0.905234, -0.956314, -0.463096, 4.071528, 3.449673, 1.472252
0.909306, -0.952864, -0.461624, 4.058329, 3.463505, 1.478953
0.913364, -0.949401, -0.460145, 4.045066, 3.477291, 1.485635
0.917409, -0.945923, -0.458659, 4.031738, 3.491034, 1.492298
0.921441, -0.942432, -0.457167, 4.018345, 3.504731, 1.498943
0.925459, -0.938928, -0.455668, 4.004889, 3.518383, 1.505568
0.929464, -0.935409, -0.454162, 3.991369, 3.531990, 1.512175
0.933456, -0.931877, -0.452650, 3.977785, 3.545550, 1.518762
0.937433, -0.928332, -0.451132, 3.964138, 3.559065, 1.525329
0.941398, -0.924773, -0.449606, 3.950427, 3.572534, 1.531877
0.945348, -0.921200, -0.448074, 3.936654, 3.585955, 1.538406
0.949285, -0.917614, -0.446536, 3.922817, 3.599330, 1.544914
0.953207, -0.914015, -0.444991, 3.908918, 3.612658, 1.551403
0.957116, -0.910402, -0.443440, 3.894957, 3.625938, 1.557871
0.961011, -0.906776, -0.441882, 3.880933, 3.639171, 1.564320
0.964892, -0.903137, -0.440317, 3.866847, 3.652355, 1.570748
0.968759, -0.899485, -0.438747, 3.852699, 3.665491, 1.577155
0.972612, -0.895819, -0.437170, 3.838490, 3.678578, 1.583542
0.976450, -0.892141, -0.435586, 3.824219, 3.691617, 1.589908
0.980275, -0.888449, -0.433996, 3.809887, 3.704606, 1.596253
0.984084, -0.884744, -0.432400, 3.795494, 3.717546, 1.602577
0.987880, -0.881027, -0.430797, 3.781040, 3.730437, 1.608880
0.991661, -0.877296, -0.429188, 3.766526, 3.743277, 1.615162
0.995427, -0.873553, -0.427573, 3.751952, 3.756067, 1.621422
0.999179, -0.869797, -0.425952, 3.737317, 3.768807, 1.627661
1.002917, -0.866028, -0.424324, 3.722623, 3.781495, 1.633878
1.006639, -0.862247, -0.422690, 3.707869, 3.794133, 1.640073
1.010347, -0.858453, -0.421050, 3.693055, 3.806719, 1.646247
1.014040, -0.854646, -0.419404, 3.678183, 3.819254, 1.652398
1.017718, -0.850827, -0.417752, 3.663251, 3.831737, 1.658527
1.021382, -0.846995, -0.416093, 3.648261, 3.844168, 1.664634
1.025030, -0.843151, -0.414428, 3.633213, 3.856546, 1.670718
1.028663, -0.839294, -0.412758, 3.618106, 3.868872, 1.676780
1.032281, -0.835425, -0.411081, 3.602941, 3.881145, 1.682819
1.035884, -0.831544, -0.409398, 3.587719, 3.893364, 1.688835
1.039472, -0.827651, -0.407709, 3.572439, 3.905530, 1.694828
1.043044, -0.823745, -0.406014, 3.557102, 3.917643, 1.700798
1.046602, -0.819828, -0.404314, 3.541708, 3.929701, 1.706745
1.050143, -0.815898, -0.402607, 3.526258, 3.941706, 1.712668
1.053669, -0.811956, -0.400894, 3.510750, 3.953655, 1.718568
1.057180, -0.808003, -0.399176, 3.495187, 3.965550, 1.724445
1.060675, -0.804037, -0.397451, 3.479568, 3.977390, 1.730298
1.064155, -0.800060, -0.395721, 3.463893, 3.989175, 1.736127
1.067619, -0.796070, -0.393985, 3.448162, 4.000905, 1.741932
1.071067, -0.792070, -0.392243, 3.432377, 4.012578, 1.747712
1.074499, -0.788057, -0.390495, 3.416537, 4.024196, 1.753469
1.077916, -0.784033, -0.388742, 3.400642, 4.035757, 1.759202
1.081317, -0.779997, -0.386982, 3.384692, 4.047262, 1.764910
1.084701, -0.775950, -0.385218, 3.368689, 4.058710, 1.770593
1.088070, -0.771891, -0.383447, 3.352632, 4.070102, 1.776252
1.091423, -0.767821, -0.381671, 3.336521, 4.081436, 1.781886
1.094759, -0.763740, -0.379889, 3.320357, 4.092712, 1.787495
1.098080, -0.759647, -0.378101, 3.304140, 4.103931, 1.793079
1.101384, -0.755543, -0.376308, 3.287870, 4.115092, 1.798638
1.104672, -0.751428, -0.374510, 3.271548, 4.126195, 1.804171
1.107943, -0.747302, -0.372705, 3.255173, 4.137239, 1.809679
1.111198, -0.743164, -0.370896, 3.238747, 4.148225, 1.815162
1.114437, -0.739016, -0.369081, 3.222269, 4.159152, 1.820619
1.117659, -0.734857, -0.367260, 3.205740, 4.170020, 1.826051
1.120865, -0.730687, -0.365434, 3.189160, 4.180828, 1.831456
1.124054, -0.726506, -0.363602, 3.172530, 4.191577, 1.836836
1.127227, -0.722315, -0.361766, 3.155848, 4.202266, 1.842189
1.130383, -0.718112, -0.359923, 3.139117, 4.212895, 1.847517
1.133522, -0.713899, -0.358076, 3.122336, 4.223464, 1.852818
1.136644, -0.709676, -0.356223, 3.105505, 4.233973, 1.858093
1.139749, -0.705442, -0.354365, 3.088625, 4.244420, 1.863341
1.142838, -0.701198, -0.352502, 3.071696, 4.254807, 1.868563
1.145910, -0.696943, -0.350633, 3.054719, 4.265133, 1.873757
1.148965, -0.692678, -0.348759, 3.037693, 4.275397, 1.878926
1.152002, -0.688402, -0.346880, 3.020619, 4.285600, 1.884067
1.155023, -0.684117, -0.344996, 3.003497, 4.295741, 1.889181
1.158026, -0.679821, -0.343107, 2.986328, 4.305821, 1.894268
1.161013, -0.675515, -0.341213, 2.969112, 4.315838, 1.899327
1.163982, -0.671199, -0.339314, 2.951849, 4.325792, 1.904360
1.166934, -0.666873, -0.337409, 2.934539, 4.335684, 1.909365
1.169868, -0.662538, -0.335500, 2.917183, 4.345513, 1.914342
1.172785, -0.658192, -0.333585, 2.899782, 4.355279, 1.919292
1.175685, -0.653837, -0.331666, 2.882335, 4.364982, 1.924214
1.178567, -0.649472, -0.329742, 2.864842, 4.374622, 1.929108
1.181432, -0.645097, -0.327813, 2.847305, 4.384198, 1.933974
1.184280, -0.640713, -0.325879, 2.829723, 4.393710, 1.938812
1.187109, -0.636319, -0.323940, 2.812097, 4.403158, 1.943622
1.189921, -0.631916, -0.321996, 2.794426, 4.412542, 1.948403
1.192716, -0.627504, -0.320048, 2.776713, 4.421861, 1.953157
1.195493, -0.623082, -0.318095, 2.758955, 4.431116, 1.957882
1.198252, -0.618651, -0.316137, 2.741155, 4.440307, 1.962578
1.200993, -0.614210, -0.314174, 2.723312, 4.449432, 1.967245
1.203716, -0.609761, -0.312207, 2.705427, 4.458492, 1.971884
1.206421, -0.605303, -0.310235, 2.687500, 4.467486, 1.976494
1.209109, -0.600835, -0.308259, 2.669531, 4.476416, 1.981075
1.211778, -0.596359, -0.306278, 2.651521, 4.485279, 1.985628
1.214430, -0.591873, -0.304292, 2.633469, 4.494077, 1.990151
1.217063, -0.587379, -0.302302, 2.615377, 4.502808, 1.994644
1.219679, -0.582876, -0.300307, 2.597245, 4.511474, 1.999109
1.222276, -0.578365, -0.298308, 2.579073, 4.520073, 2.003544
1.224855, -0.573845, -0.296305, 2.560861, 4.528605, 2.007950
1.227416, -0.569316, -0.294297, 2.542609, 4.537070, 2.012326
1.229959, -0.564779, -0.292284, 2.524319, 4.545469, 2.016672
1.232483, -0.560234, -0.290268, 2.505990, 4.553801, 2.020989
1.234989, -0.555680, -0.288247, 2.487623, 4.562065, 2.025276
1.237477, -0.551118, -0.286221, 2.469218, 4.570262, 2.029533
1.239946, -0.546548, -0.284192, 2.450775, 4.578391, 2.033760
1.242397, -0.541969, -0.282158, 2.432295, 4.586453, 2.037957
1.244829, -0.537383, -0.280120, 2.413777, 4.594446, 2.042124
1.247243, -0.532788, -0.278078, 2.395224, 4.602372, 2.046260
1.249638, -0.528186, -0.276032, 2.376634, 4.610229, 2.050367
1.252014, -0.523576, -0.273981, 2.358008, 4.618018, 2.054443
1.254372, -0.518958, -0.271927, 2.339347, 4.625739, 2.058488
1.256712, -0.514332, -0.269869, 2.320650, 4.633391, 2.062503
1.259032, -0.509699, -0.267806, 2.301919, 4.640974, 2.066487
1.261334, -0.505058, -0.265740, 2.283153, 4.648488, 2.070441
1.263618, -0.500409, -0.263669, 2.264353, 4.655933, 2.074364
1.265882, -0.495753, -0.261595, 2.245520, 4.663309, 2.078256
1.268127, -0.491090, -0.259516, 2.226652, 4.670615, 2.082117
1.270354, -0.486419, -0.257434, 2.207752, 4.677852, 2.085947
1.272562, -0.481741, -0.255348, 2.188819, 4.685019, 2.089746
1.274751, -0.477056, -0.253259, 2.169854, 4.692117, 2.093514
1.276920, -0.472364, -0.251165, 2.150857, 4.699144, 2.097250
1.279071, -0.467665, -0.249068, 2.131828, 4.706102, 2.100956
1.281203, -0.462959, -0.246967, 2.112768, 4.712989, 2.104630
1.283316, -0.458246, -0.244862, 2.093678, 4.719806, 2.108273
1.285410, -0.453526, -0.242754, 2.074556, 4.726553, 2.111884
1.287484, -0.448800, -0.240642, 2.055405, 4.733229, 2.115463
1.289540, -0.444066, -0.238527, 2.036223, 4.739834, 2.119011
1.291576, -0.439327, -0.236408, 2.017012, 4.746368, 2.122528
1.293593, -0.434580, -0.234285, 1.997772, 4.752832, 2.126012
1.295591, -0.429827, -0.232159, 1.978504, 4.759225, 2.129465
1.297569, -0.425068, -0.230030, 1.959207, 4.765546, 2.132886
1.299528, -0.420303, -0.227897, 1.939882, 4.771796, 2.136275
1.301468, -0.415531, -0.225761, 1.920530, 4.777975, 2.139632
1.303389, -0.410753, -0.223621, 1.901150, 4.784082, 2.142957
1.305290, -0.405969, -0.221478, 1.881743, 4.790118, 2.146250
1.307172, -0.401179, -0.219332, 1.862310, 4.796082, 2.149510
1.309034, -0.396383, -0.217182, 1.842851, 4.801975, 2.152739
1.310877, -0.391581, -0.215029, 1.823366, 4.807795, 2.155935
1.312700, -0.386773, -0.212874, 1.803856, 4.813543, 2.159099
1.314504, -0.381959, -0.210714, 1.784321, 4.819220, 2.162230
1.316288, -0.377140, -0.208552, 1.764761, 4.824824, 2.165329
1.318053, -0.372315, -0.206387, 1.745177, 4.830356, 2.168396
1.319798, -0.367485, -0.204218, 1.725569, 4.835816, 2.171430
1.321524, -0.362649, -0.202047, 1.705938, 4.841203, 2.174431
1.323230, -0.357808, -0.199873, 1.686283, 4.846518, 2.177400
1.324916, -0.352961, -0.197695, 1.666606, 4.851760, 2.180336
1.326583, -0.348110, -0.195515, 1.646906, 4.856929, 2.183240
1.328230, -0.343253, -0.193332, 1.627185, 4.862026, 2.186110
1.329857, -0.338391, -0.191145, 1.607441, 4.867050, 2.188948
1.331464, -0.333524, -0.188957, 1.587677, 4.872000, 2.191753
1.333052, -0.328652, -0.186765, 1.567892, 4.876878, 2.194525
1.334620, -0.323775, -0.184570, 1.548086, 4.881683, 2.197264
1.336168, -0.318893, -0.182373, 1.528260, 4.886415, 2.199970
1.337696, -0.314007, -0.180173, 1.508414, 4.891073, 2.202643
1.339205, -0.309116, -0.177970, 1.488549, 4.895659, 2.205283
1.340693, -0.304220, -0.175765, 1.468665, 4.900171, 2.207890
1.342162, -0.299320, -0.173557, 1.448763, 4.904609, 2.210463
1.343610, -0.294415, -0.171347, 1.428842, 4.908974, 2.213004
1.345039, -0.289506, -0.169134, 1.408904, 4.913266, 2.215511
1.346448, -0.284593, -0.166918, 1.388948, 4.917484, 2.217985
1.347837, -0.279675, -0.164700, 1.368975, 4.921628, 2.220425
1.349206, -0.274754, -0.162480, 1.348985, 4.925699, 2.222833
1.350555, -0.269828, -0.160257, 1.328979, 4.929696, 2.225207
1.351884, -0.264898, -0.158032, 1.308957, 4.933619, 2.227547
1.353193, -0.259965, -0.155804, 1.288920, 4.937468, 2.229854
1.354482, -0.255027, -0.153574, 1.268868, 4.941244, 2.232128
1.355751, -0.250086, -0.151342, 1.248800, 4.944946, 2.234368
1.357000, -0.245141, -0.149108, 1.228719, 4.948573, 2.236574
1.358228, -0.240193, -0.146871, 1.208623, 4.952127, 2.238747
1.359437, -0.235240, -0.144633, 1.188514, 4.955607, 2.240887
1.360626, -0.230285, -0.142392, 1.168392, 4.959013, 2.242993
1.361794, -0.225326, -0.140149, 1.148256, 4.962344, 2.245065
1.362942, -0.220363, -0.137904, 1.128109, 4.965602, 2.247104
1.364070, -0.215398, -0.135657, 1.107949, 4.968785, 2.249108
1.365178, -0.210429, -0.133407, 1.087777, 4.971894, 2.251080
1.366266, -0.205457, -0.131156, 1.067594, 4.974929, 2.253017
1.367334, -0.200482, -0.128903, 1.047401, 4.977890, 2.254921
1.368381, -0.195504, -0.126648, 1.027196, 4.980777, 2.256791
1.369408, -0.190524, -0.124392, 1.006982, 4.983589, 2.258627
1.370415, -0.185540, -0.122133, 0.986758, 4.986327, 2.260429
1.371402, -0.180554, -0.119873, 0.966524, 4.988991, 2.262198
1.372368, -0.175565, -0.117610, 0.946281, 4.991581, 2.263933
1.373315, -0.170573, -0.115346, 0.926030, 4.994096, 2.265634
1.374241, -0.165579, -0.113081, 0.905771, 4.996537, 2.267301
1.375147, -0.160582, -0.110813, 0.885503, 4.998904, 2.268934
1.376032, -0.155584, -0.108545, 0.865228, 5.001196, 2.270533
1.376897, -0.150582, -0.106274, 0.844946, 5.003415, 2.272099
1.377742, -0.145579, -0.104002, 0.824658, 5.005558, 2.273630
1.378567, -0.140573, -0.101728, 0.804363, 5.007628, 2.275128
1.379371, -0.135566, -0.099453, 0.784062, 5.009623, 2.276592
1.380155, -0.130556, -0.097177, 0.763755, 5.011544, 2.278021
1.380919, -0.125545, -0.094899, 0.743443, 5.013391, 2.279417
1.381662, -0.120531, -0.092619, 0.723127, 5.015163, 2.280779
1.382386, -0.115516, -0.090338, 0.702806, 5.016861, 2.282107
1.383088, -0.110499, -0.088056, 0.682481, 5.018485, 2.283401
1.383771, -0.105481, -0.085773, 0.662152, 5.020034, 2.284661
1.384433, -0.100461, -0.083488, 0.641820, 5.021510, 2.285887
1.385075, -0.095439, -0.081202, 0.621485, 5.022911, 2.287080
1.385696, -0.090416, -0.078915, 0.601147, 5.024238, 2.288238
1.386298, -0.085392, -0.076627, 0.580808, 5.025491, 2.289362
1.386878, -0.080366, -0.074338, 0.560466, 5.026670, 2.290452
1.387439, -0.075340, -0.072047, 0.540123, 5.027774, 2.291509
1.387979, -0.070312, -0.069756, 0.519780, 5.028805, 2.292531
1.388499, -0.065283, -0.067463, 0.499435, 5.029761, 2.293520
1.388998, -0.060253, -0.065170, 0.479090, 5.030644, 2.294474
1.389477, -0.055223, -0.062875, 0.458746, 5.031452, 2.295395
1.389936, -0.050191, -0.060580, 0.438401, 5.032187, 2.296282
1.390374, -0.045159, -0.058283, 0.418058, 5.032848, 2.297134
1.390792, -0.040126, -0.055986, 0.397716, 5.033435, 2.297953
1.391190, -0.035093, -0.053688, 0.377375, 5.033948, 2.298738
1.391568, -0.030059, -0.051390, 0.357036, 5.034387, 2.299489
1.391925, -0.025025, -0.049090, 0.336700, 5.034753, 2.300206
1.392261, -0.019990, -0.046790, 0.316367, 5.035045, 2.300890
1.392578, -0.014955, -0.044489, 0.296036, 5.035263, 2.301539
1.392874, -0.009920, -0.042188, 0.275709, 5.035408, 2.302155
1.393149, -0.004884, -0.039885, 0.255386, 5.035479, 2.302737
1.393405, 0.000151, -0.037583, 0.235067, 5.035477, 2.303285
1.393640, 0.005187, -0.035279, 0.214753, 5.035401, 2.303799
1.393855, 0.010222, -0.032976, 0.194443, 5.035252, 2.304280
1.394049, 0.015258, -0.030671, 0.174139, 5.035030, 2.304726
1.394223, 0.020293, -0.028367, 0.153840, 5.034735, 2.305139
1.394377, 0.025327, -0.026061, 0.133548, 5.034366, 2.305519
1.394511, 0.030362, -0.023756, 0.113262, 5.033924, 2.305864
1.394624, 0.035396, -0.021450, 0.092982, 5.033410, 2.306176
1.394717, 0.040429, -0.019144, 0.072710, 5.032822, 2.306454
1.394789, 0.045462, -0.016837, 0.052445, 5.032162, 2.306699
1.394842, 0.050494, -0.014531, 0.032189, 5.031428, 2.306910
1.394874, 0.055525, -0.012224, 0.011940, 5.030622, 2.307087
1.394886, 0.060556, -0.009917, -0.008300, 5.029744, 2.307231
1.394878, 0.065586, -0.007609, -0.028531, 5.028792, 2.307342
1.394849, 0.070615, -0.005302, -0.048753, 5.027769, 2.307419
1.394800, 0.075642, -0.002995, -0.068965, 5.026672, 2.307462
1.394732, 0.080669, -0.000687, -0.089167, 5.025504, 2.307472
1.394642, 0.085694, 0.001620, -0.109359, 5.024263, 2.307448
1.394533, 0.090719, 0.003928, -0.129540, 5.022950, 2.307392
1.394403, 0.095742, 0.006235, -0.149710, 5.021566, 2.307301
1.394254, 0.100763, 0.008542, -0.169869, 5.020109, 2.307178
1.394084, 0.105783, 0.010850, -0.190016, 5.018580, 2.307021
1.393894, 0.110802, 0.013157, -0.210150, 5.016979, 2.306831
1.393684, 0.115819, 0.015463, -0.230272, 5.015307, 2.306608
1.393453, 0.120834, 0.017770, -0.250382, 5.013563, 2.306351
1.393203, 0.125848, 0.020076, -0.270478, 5.011748, 2.306062
1.392933, 0.130860, 0.022382, -0.290560, 5.009861, 2.305739
1.392642, 0.135869, 0.024688, -0.310629, 5.007904, 2.305383
1.392331, 0.140877, 0.026994, -0.330683, 5.005874, 2.304994
1.392001, 0.145883, 0.029299, -0.350723, 5.003774, 2.304573
1.391650, 0.150887, 0.031603, -0.370748, 5.001603, 2.304118
1.391279, 0.155889, 0.033907, -0.390758, 4.999361, 2.303630
1.390888, 0.160888, 0.036211, -0.410752, 4.997048, 2.303110
1.390478, 0.165885, 0.038514, -0.430730, 4.994665, 2.302556
1.390047, 0.170880, 0.040817, -0.450691, 4.992211, 2.301970
1.389596, 0.175872, 0.043119, -0.470636, 4.989687, 2.301351
1.389126, 0.180862, 0.045420, -0.490565, 4.987092, 2.300700
1.388635, 0.185849, 0.047721, -0.510475, 4.984427, 2.300016
1.388125, 0.190833, 0.050021, -0.530368, 4.981692, 2.299299
1.387594, 0.195815, 0.052320, -0.550244, 4.978888, 2.298549
1.387044, 0.200794, 0.054618, -0.570100, 4.976013, 2.297767
1.386474, 0.205770, 0.056916, -0.589939, 4.973069, 2.296953
1.385884, 0.210743, 0.059213, -0.609758, 4.970055, 2.296106
1.385274, 0.215713, 0.061509, -0.629558, 4.966972, 2.295227
1.384645, 0.220680, 0.063804, -0.649338, 4.963819, 2.294316
1.383995, 0.225644, 0.066099, -0.669098, 4.960598, 2.293372
1.383326, 0.230604, 0.068392, -0.688838, 4.957307, 2.292396
1.382637, 0.235561, 0.070685, -0.708557, 4.953948, 2.291388
1.381929, 0.240515, 0.072976, -0.728255, 4.950519, 2.290348
1.381201, 0.245466, 0.075266, -0.747932, 4.947022, 2.289275
1.380453, 0.250413, 0.077556, -0.767588, 4.943457, 2.288171
1.379685, 0.255356, 0.079844, -0.787221, 4.939823, 2.287035
1.378898, 0.260296, 0.082131, -0.806832, 4.936121, 2.285867
1.378091, 0.265232, 0.084417, -0.826421, 4.932351, 2.284667
1.377265, 0.270165, 0.086701, -0.845987, 4.928513, 2.283435
1.376419, 0.275093, 0.088985, -0.865529, 4.924607, 2.282172
1.375553, 0.280018, 0.091267, -0.885048, 4.920634, 2.280877
1.374668, 0.284938, 0.093548, -0.904543, 4.916593, 2.279550
1.373763, 0.289855, 0.095827, -0.924014, 4.912484, 2.278192
1.372839, 0.294768, 0.098106, -0.943461, 4.908309, 2.276802
1.371896, 0.299676, 0.100382, -0.962883, 4.904066, 2.275381
1.370933, 0.304580, 0.102658, -0.982279, 4.899757, 2.273929
1.369951, 0.309480, 0.104932, -1.001650, 4.895381, 2.272445
1.368949, 0.314375, 0.107204, -1.020996, 4.890938, 2.270930
1.367928, 0.319266, 0.109475, -1.040316, 4.886429, 2.269384
1.366888, 0.324152, 0.111744, -1.059609, 4.881854, 2.267806
1.365828, 0.329034, 0.114012, -1.078875, 4.877213, 2.266198
1.364749, 0.333912, 0.116278, -1.098115, 4.872505, 2.264559
1.363651, 0.338784, 0.118543, -1.117328, 4.867732, 2.262889
1.362534, 0.343652, 0.120806, -1.136513, 4.862893, 2.261188
1.361397, 0.348515, 0.123067, -1.155670, 4.857989, 2.259456
1.360242, 0.353373, 0.125327, -1.174799, 4.853020, 2.257694
1.359067, 0.358226, 0.127584, -1.193899, 4.847985, 2.255900
1.357873, 0.363074, 0.129840, -1.212971, 4.842886, 2.254077
1.356660, 0.367917, 0.132094, -1.232014, 4.837721, 2.252223
1.355428, 0.372754, 0.134346, -1.251028, 4.832492, 2.250338
1.354177, 0.377587, 0.136597, -1.270012, 4.827199, 2.248423
1.352907, 0.382414, 0.138845, -1.288966, 4.821841, 2.246478
1.351618, 0.387236, 0.141092, -1.307890, 4.816420, 2.244502
1.350310, 0.392052, 0.143336, -1.326784, 4.810934, 2.242497
1.348983, 0.396863, 0.145579, -1.345646, 4.805385, 2.240461
1.347638, 0.401669, 0.147819, -1.364478, 4.799772, 2.238396
1.346273, 0.406468, 0.150057, -1.383279, 4.794096, 2.236300
1.344890, 0.411262, 0.152294, -1.402048, 4.788356, 2.234175
1.343488, 0.416051, 0.154528, -1.420785, 4.782554, 2.232020
1.342067, 0.420833, 0.156760, -1.439490, 4.776688, 2.229835
1.340628, 0.425610, 0.158990, -1.458163, 4.770760, 2.227620
1.339170, 0.430381, 0.161217, -1.476803, 4.764770, 2.225376
1.337693, 0.435145, 0.163443, -1.495410, 4.758717, 2.223103
1.336197, 0.439904, 0.165666, -1.513983, 4.752602, 2.220800
1.334683, 0.444657, 0.167887, -1.532524, 4.746425, 2.218468
1.333151, 0.449403, 0.170105, -1.551030, 4.740187, 2.216107
1.331600, 0.454143, 0.172321, -1.569503, 4.733887, 2.213716
1.330030, 0.458877, 0.174535, -1.587941, 4.727525, 2.211296
1.328442, 0.463605, 0.176746, -1.606345, 4.721103, 2.208848
1.326836, 0.468326, 0.178955, -1.624714, 4.714619, 2.206370
1.325211, 0.473041, 0.181162, -1.643047, 4.708075, 2.203864
1.323568, 0.477749, 0.183365, -1.661346, 4.701470, 2.201329
1.321907, 0.482450, 0.185567, -1.679609, 4.694805, 2.198765
1.320227, 0.487145, 0.187765, -1.697836, 4.688079, 2.196173
1.318529, 0.491833, 0.189962, -1.716027, 4.681294, 2.193552
1.316813, 0.496514, 0.192155, -1.734181, 4.674448, 2.190903
1.315079, 0.501189, 0.194346, -1.752299, 4.667543, 2.188226
1.313327, 0.505856, 0.196534, -1.770380, 4.660579, 2.185520
1.311557, 0.510517, 0.198720, -1.788424, 4.653556, 2.182786
1.309768, 0.515170, 0.200903, -1.806431, 4.646473, 2.180024
1.307962, 0.519817, 0.203083, -1.824400, 4.639332, 2.177234
1.306137, 0.524456, 0.205260, -1.842331, 4.632132, 2.174416
1.304295, 0.529088, 0.207434, -1.860224, 4.624873, 2.171570
1.302435, 0.533713, 0.209606, -1.878078, 4.617557, 2.168697
1.300557, 0.538331, 0.211775, -1.895894, 4.610182, 2.165796
1.298661, 0.542941, 0.213940, -1.913672, 4.602750, 2.162867
1.296747, 0.547544, 0.216103, -1.931410, 4.595260, 2.159911
1.294816, 0.552139, 0.218263, -1.949109, 4.587713, 2.156928
1.292867, 0.556727, 0.220420, -1.966768, 4.580109, 2.153917
1.290900, 0.561307, 0.222574, -1.984388, 4.572447, 2.150879
1.288915, 0.565879, 0.224725, -2.001968, 4.564729, 2.147814
1.286913, 0.570444, 0.226873, -2.019507, 4.556955, 2.144722
1.284894, 0.575001, 0.229017, -2.037006, 4.549124, 2.141603
1.282857, 0.579550, 0.231159, -2.054464, 4.541237, 2.138457
1.280802, 0.584091, 0.233297, -2.071882, 4.533294, 2.135285
1.278731, 0.588625, 0.235433, -2.089258, 4.525295, 2.132085
1.276641, 0.593150, 0.237565, -2.106593, 4.517241, 2.128859
1.274535, 0.597667, 0.239694, -2.123887, 4.509131, 2.125607
1.272411, 0.602176, 0.241819, -2.141138, 4.500967, 2.122329
1.270270, 0.606677, 0.243942, -2.158348, 4.492748, 2.119024
1.268111, 0.611170, 0.246061, -2.175515, 4.484474, 2.115693
1.265936, 0.615654, 0.248176, -2.192640, 4.476146, 2.112335
1.263743, 0.620131, 0.250289, -2.209722, 4.467763, 2.108952
1.261533, 0.624598, 0.252398, -2.226762, 4.459327, 2.105543
1.259307, 0.629058, 0.254503, -2.243758, 4.450837, 2.102108
1.257063, 0.633509, 0.256605, -2.260712, 4.442293, 2.098647
1.254802, 0.637951, 0.258704, -2.277621, 4.433696, 2.095161
1.252525, 0.642384, 0.260799, -2.294487, 4.425046, 2.091649
1.250230, 0.646810, 0.262891, -2.311309, 4.416343, 2.088112
1.247919, 0.651226, 0.264979, -2.328087, 4.407587, 2.084549
1.245591, 0.655633, 0.267063, -2.344821, 4.398779, 2.080962
1.243246, 0.660032, 0.269144, -2.361510, 4.389919, 2.077349
1.240884, 0.664422, 0.271222, -2.378155, 4.381007, 2.073711
1.238506, 0.668803, 0.273295, -2.394755, 4.372043, 2.070048
1.236111, 0.673175, 0.275365, -2.411309, 4.363027, 2.066360
1.233700, 0.677538, 0.277432, -2.427819, 4.353960, 2.062647
1.231272, 0.681892, 0.279495, -2.444282, 4.344843, 2.058910
1.228828, 0.686237, 0.281553, -2.460701, 4.335674, 2.055148
1.226367, 0.690573, 0.283609, -2.477073, 4.326455, 2.051362
1.223890, 0.694899, 0.285660, -2.493399, 4.317185, 2.047551
1.221397, 0.699216, 0.287707, -2.509680, 4.307865, 2.043716
1.218887, 0.703524, 0.289751, -2.525913, 4.298495, 2.039857
1.216361, 0.707823, 0.291791, -2.542101, 4.289075, 2.035974
1.213819, 0.712112, 0.293827, -2.558241, 4.279606, 2.032067
1.211261, 0.716391, 0.295859, -2.574335, 4.270088, 2.028136
1.208687, 0.720661, 0.297887, -2.590381, 4.260520, 2.024181
1.206096, 0.724922, 0.299911, -2.606380, 4.250904, 2.020203
1.203490, 0.729173, 0.301932, -2.622332, 4.241239, 2.016201
1.200868, 0.733414, 0.303948, -2.638236, 4.231526, 2.012176
1.198229, 0.737646, 0.305960, -2.654092, 4.221765, 2.008127
1.195575, 0.741867, 0.307968, -2.669900, 4.211955, 2.004055
1.192905, 0.746079, 0.309972, -2.685661, 4.202099, 1.999960
1.190220, 0.750282, 0.311972, -2.701372, 4.192194, 1.995841
1.187518, 0.754474, 0.313968, -2.717036, 4.182243, 1.991700
1.184801, 0.758656, 0.315960, -2.732651, 4.172244, 1.987536
1.182069, 0.762828, 0.317947, -2.748217, 4.162199, 1.983349
1.179320, 0.766990, 0.319931, -2.763734, 4.152107, 1.979140
1.176557, 0.771142, 0.321910, -2.779201, 4.141969, 1.974908
1.173777, 0.775284, 0.323885, -2.794620, 4.131785, 1.970653
1.170983, 0.779416, 0.325855, -2.809989, 4.121555, 1.966376
1.168173, 0.783538, 0.327822, -2.825309, 4.111280, 1.962077
1.165348, 0.787649, 0.329784, -2.840579, 4.100959, 1.957756
1.162507, 0.791750, 0.331741, -2.855799, 4.090593, 1.953413
1.159651, 0.795841, 0.333695, -2.870969, 4.080182, 1.949047
1.156780, 0.799921, 0.335644, -2.886088, 4.069727, 1.944660
1.153894, 0.803991, 0.337589, -2.901158, 4.059227, 1.940251
1.150993, 0.808050, 0.339529, -2.916177, 4.048683, 1.935821
1.148077, 0.812098, 0.341465, -2.931145, 4.038095, 1.931369
1.145146, 0.816137, 0.343396, -2.946063, 4.027464, 1.926896
1.142200, 0.820164, 0.345323, -2.960930, 4.016788, 1.922401
1.139239, 0.824181, 0.347245, -2.975745, 4.006070, 1.917885
1.136263, 0.828187, 0.349163, -2.990510, 3.995309, 1.913348
1.133272, 0.832182, 0.351077, -3.005223, 3.984505, 1.908790
1.130267, 0.836167, 0.352985, -3.019885, 3.973658, 1.904211
1.127247, 0.840140, 0.354890, -3.034495, 3.962769, 1.899612
1.124213, 0.844103, 0.356789, -3.049053, 3.951838, 1.894991
1.121164, 0.848055, 0.358684, -3.063560, 3.940865, 1.890350
1.118100, 0.851996, 0.360575, -3.078014, 3.929851, 1.885689
1.115022, 0.855926, 0.362460, -3.092417, 3.918795, 1.881007
1.111930, 0.859844, 0.364341, -3.106767, 3.907698, 1.876305
1.108823, 0.863752, 0.366218, -3.121065, 3.896560, 1.871583
1.105702, 0.867649, 0.368089, -3.135310, 3.885382, 1.866840
1.102567, 0.871534, 0.369956, -3.149503, 3.874163, 1.862078
1.099417, 0.875408, 0.371818, -3.163643, 3.862904, 1.857296
1.096253, 0.879271, 0.373675, -3.177731, 3.851605, 1.852494
1.093076, 0.883123, 0.375528, -3.191765, 3.840266, 1.847673
1.089884, 0.886963, 0.377375, -3.205746, 3.828888, 1.842832
1.086678, 0.890792, 0.379218, -3.219674, 3.817471, 1.837971
1.083459, 0.894609, 0.381056, -3.233549, 3.806014, 1.833091
1.080225, 0.898415, 0.382889, -3.247370, 3.794519, 1.828192
1.076978, 0.902210, 0.384718, -3.261138, 3.782985, 1.823274
1.073716, 0.905993, 0.386541, -3.274852, 3.771414, 1.818337
1.070442, 0.909764, 0.388359, -3.288513, 3.759804, 1.813381
1.067153, 0.913524, 0.390173, -3.302119, 3.748156, 1.808406
1.063851, 0.917272, 0.391981, -3.315672, 3.736470, 1.803412
1.060535, 0.921009, 0.393784, -3.329171, 3.724748, 1.798400
1.057206, 0.924733, 0.395583, -3.342615, 3.712988, 1.793370
1.053864, 0.928446, 0.397376, -3.356005, 3.701191, 1.788321
1.050508, 0.932148, 0.399164, -3.369341, 3.689358, 1.783253
1.047138, 0.935837, 0.400948, -3.382623, 3.677488, 1.778168
1.043756, 0.939515, 0.402726, -3.395850, 3.665582, 1.773065
1.040360, 0.943180, 0.404499, -3.409022, 3.653640, 1.767943
1.036951, 0.946834, 0.406267, -3.422139, 3.641663, 1.762804
1.033529, 0.950475, 0.408030, -3.435202, 3.629650, 1.757647
1.030093, 0.954105, 0.409787, -3.448210, 3.617602, 1.752472
1.026645, 0.957723, 0.411540, -3.461163, 3.605518, 1.747280
1.023184, 0.961328, 0.413287, -3.474060, 3.593400, 1.742070
1.019710, 0.964922, 0.415029, -3.486903, 3.581248, 1.736843
1.016223, 0.968503, 0.416766, -3.499690, 3.569061, 1.731599
1.012723, 0.972072, 0.418498, -3.512422, 3.556840, 1.726338
1.009211, 0.975629, 0.420224, -3.525098, 3.544586, 1.721059
1.005686, 0.979173, 0.421945, -3.537719, 3.532298, 1.715764
1.002148, 0.982706, 0.423661, -3.550284, 3.519976, 1.710452
0.998598, 0.986226, 0.425371, -3.562794, 3.507622, 1.705123
0.995035, 0.989733, 0.427076, -3.575248, 3.495234, 1.699778
0.991460, 0.993228, 0.428776, -3.587646, 3.482814, 1.694416
0.987872, 0.996711, 0.430471, -3.599988, 3.470361, 1.689038
0.984272, 1.000182, 0.432160, -3.612274, 3.457877, 1.683644
0.980660, 1.003639, 0.433843, -3.624504, 3.445360, 1.678233
0.977035, 1.007085, 0.435521, -3.636678, 3.432811, 1.672806
0.973399, 1.010518, 0.437194, -3.648796, 3.420232, 1.667364
0.969750, 1.013938, 0.438862, -3.660858, 3.407620, 1.661905
0.966089, 1.017346, 0.440524, -3.672863, 3.394978, 1.656431
0.962416, 1.020740, 0.442180, -3.684812, 3.382305, 1.650941
0.958731, 1.024123, 0.443831, -3.696704, 3.369602, 1.645436
0.955035, 1.027492, 0.445476, -3.708540, 3.356868, 1.639915
0.951326, 1.030849, 0.447116, -3.720319, 3.344104, 1.634379
0.947606, 1.034193, 0.448751, -3.732042, 3.331311, 1.628828
0.943874, 1.037525, 0.450379, -3.743707, 3.318487, 1.623261
0.940130, 1.040843, 0.452003, -3.755317, 3.305634, 1.617680
0.936375, 1.044149, 0.453620, -3.766869, 3.292752, 1.612083
0.932608, 1.047442, 0.455232, -3.778364, 3.279842, 1.606472
0.928829, 1.050721, 0.456839, -3.789803, 3.266902, 1.600846
0.925040, 1.053988, 0.458440, -3.801184, 3.253934, 1.595205
0.921238, 1.057242, 0.460035, -3.812509, 3.240938, 1.589550
0.917426, 1.060483, 0.461625, -3.823776, 3.227913, 1.583881
0.913602, 1.063711, 0.463208, -3.834986, 3.214861, 1.578197
0.909767, 1.066926, 0.464787, -3.846139, 3.201782, 1.572499
0.905921, 1.070128, 0.466359, -3.857235, 3.188675, 1.566787
0.902064, 1.073316, 0.467926, -3.868274, 3.175541, 1.561061
0.898196, 1.076492, 0.469487, -3.879255, 3.162380, 1.555322
0.894316, 1.079654, 0.471042, -3.890179, 3.149192, 1.549568
0.890426, 1.082804, 0.472592, -3.901045, 3.135978, 1.543801
0.886525, 1.085939, 0.474136, -3.911854, 3.122738, 1.538020
0.882613, 1.089062, 0.475674, -3.922605, 3.109471, 1.532225
0.878691, 1.092172, 0.477206, -3.933299, 3.096179, 1.526418
0.874757, 1.095268, 0.478732, -3.943935, 3.082862, 1.520597
0.870813, 1.098351, 0.480253, -3.954514, 3.069519, 1.514763
0.866859, 1.101420, 0.481768, -3.965035, 3.056151, 1.508915
0.862894, 1.104476, 0.483277, -3.975498, 3.042759, 1.503055
0.858918, 1.107519, 0.484780, -3.985904, 3.029341, 1.497182
0.854932, 1.110549, 0.486277, -3.996252, 3.015899, 1.491297
0.850936, 1.113564, 0.487768, -4.006542, 3.002434, 1.485398
0.846930, 1.116567, 0.489254, -4.016774, 2.988944, 1.479487
0.842913, 1.119556, 0.490733, -4.026948, 2.975430, 1.473564
0.838886, 1.122531, 0.492207, -4.037065, 2.961893, 1.467628
0.834849, 1.125493, 0.493674, -4.047124, 2.948333, 1.461680
0.830802, 1.128441, 0.495136, -4.057124, 2.934749, 1.455720
0.826745, 1.131376, 0.496592, -4.067067, 2.921143, 1.449748
0.822678, 1.134297, 0.498041, -4.076952, 2.907514, 1.443764
0.818601, 1.137205, 0.499485, -4.086778, 2.893862, 1.437768
0.814514, 1.140099, 0.500923, -4.096547, 2.880189, 1.431760
0.810417, 1.142979, 0.502355, -4.106258, 2.866493, 1.425741
0.806311, 1.145845, 0.503780, -4.115910, 2.852776, 1.419710
0.802195, 1.148698, 0.505200, -4.125505, 2.839037, 1.413667
0.798070, 1.151537, 0.506614, -4.135041, 2.825277, 1.407614
0.793935, 1.154362, 0.508021, -4.144520, 2.811496, 1.401549
0.789790, 1.157174, 0.509423, -4.153940, 2.797694, 1.395473
0.785636, 1.159972, 0.510818, -4.163302, 2.783871, 1.389385
0.781473, 1.162756, 0.512208, -4.172605, 2.770028, 1.383287
0.777300, 1.165526, 0.513591, -4.181851, 2.756165, 1.377178
0.773118, 1.168282, 0.514968, -4.191039, 2.742281, 1.371059
0.768927, 1.171024, 0.516339, -4.200168, 2.728378, 1.364928
0.764727, 1.173752, 0.517704, -4.209239, 2.714455, 1.358787
0.760518, 1.176467, 0.519063, -4.218252, 2.700513, 1.352636
0.756300, 1.179167, 0.520416, -4.227206, 2.686552, 1.346474
0.752072, 1.181854, 0.521762, -4.236103, 2.672572, 1.340302
0.747836, 1.184526, 0.523102, -4.244941, 2.658573, 1.334120
0.743591, 1.187185, 0.524437, -4.253720, 2.644555, 1.327928
0.739338, 1.189830, 0.525764, -4.262442, 2.630519, 1.321726
0.735075, 1.192460, 0.527086, -4.271105, 2.616465, 1.315514
0.730804, 1.195077, 0.528402, -4.279710, 2.602393, 1.309292
0.726524, 1.197679, 0.529711, -4.288257, 2.588304, 1.303061
0.722236, 1.200267, 0.531014, -4.296746, 2.574197, 1.296819
0.717939, 1.202842, 0.532311, -4.305176, 2.560073, 1.290569
0.713634, 1.205402, 0.533601, -4.313548, 2.545932, 1.284309
0.709321, 1.207948, 0.534886, -4.321862, 2.531774, 1.278040
0.704999, 1.210479, 0.536164, -4.330117, 2.517599, 1.271761
0.700669, 1.212997, 0.537436, -4.338315, 2.503408, 1.265474
0.696330, 1.215500, 0.538701, -4.346454, 2.489200, 1.259177
0.691984, 1.217989, 0.539960, -4.354535, 2.474977, 1.252871
0.687629, 1.220464, 0.541213, -4.362557, 2.460738, 1.246557
0.683267, 1.222925, 0.542460, -4.370521, 2.446483, 1.240234
0.678896, 1.225372, 0.543700, -4.378428, 2.432213, 1.233902
0.674518, 1.227804, 0.544934, -4.386276, 2.417928, 1.227562
0.670132, 1.230222, 0.546161, -4.394065, 2.403628, 1.221214
0.665738, 1.232625, 0.547383, -4.401797, 2.389312, 1.214857
0.661336, 1.235015, 0.548597, -4.409470, 2.374983, 1.208491
0.656926, 1.237390, 0.549806, -4.417085, 2.360639, 1.202118
0.652509, 1.239750, 0.551008, -4.424642, 2.346281, 1.195736
0.648085, 1.242097, 0.552204, -4.432141, 2.331908, 1.189347
0.643652, 1.244429, 0.553393, -4.439582, 2.317523, 1.182949
0.639213, 1.246746, 0.554576, -4.446965, 2.303123, 1.176544
0.634766, 1.249049, 0.555753, -4.454289, 2.288710, 1.170131
0.630312, 1.251338, 0.556923, -4.461556, 2.274284, 1.163711
0.625850, 1.253612, 0.558086, -4.468764, 2.259845, 1.157283
0.621381, 1.255872, 0.559244, -4.475915, 2.245393, 1.150848
0.616905, 1.258117, 0.560395, -4.483007, 2.230929, 1.144405
0.612422, 1.260348, 0.561539, -4.490042, 2.216452, 1.137955
0.607932, 1.262565, 0.562677, -4.497018, 2.201963, 1.131498
0.603435, 1.264767, 0.563808, -4.503937, 2.187462, 1.125033
0.598931, 1.266954, 0.564933, -4.510797, 2.172950, 1.118562
0.594421, 1.269127, 0.566052, -4.517600, 2.158426, 1.112084
0.589903, 1.271286, 0.567164, -4.524345, 2.143890, 1.105599
0.585379, 1.273430, 0.568270, -4.531032, 2.129343, 1.099108
0.580848, 1.275559, 0.569369, -4.537661, 2.114785, 1.092610
0.576310, 1.277674, 0.570461, -4.544233, 2.100216, 1.086105
0.571766, 1.279774, 0.571548, -4.550746, 2.085637, 1.079594
0.567215, 1.281860, 0.572627, -4.557202, 2.071047, 1.073076
0.562658, 1.283931, 0.573700, -4.563600, 2.056447, 1.066553
0.558094, 1.285987, 0.574767, -4.569941, 2.041837, 1.060023
0.553524, 1.288029, 0.575827, -4.576224, 2.027217, 1.053487
0.548948, 1.290056, 0.576880, -4.582449, 2.012588, 1.046945
0.544366, 1.292069, 0.577927, -4.588616, 1.997949, 1.040397
0.539777, 1.294067, 0.578968, -4.594726, 1.983301, 1.033843
0.535182, 1.296050, 0.580001, -4.600779, 1.968643, 1.027284
0.530581, 1.298019, 0.581029, -4.606774, 1.953977, 1.020719
0.525975, 1.299973, 0.582049, -4.612712, 1.939302, 1.014148
0.521362, 1.301912, 0.583064, -4.618592, 1.924618, 1.007572
0.516743, 1.303836, 0.584071, -4.624415, 1.909926, 1.000990
0.512119, 1.305746, 0.585072, -4.630180, 1.895226, 0.994404
0.507489, 1.307642, 0.586067, -4.635888, 1.880518, 0.987812
0.502853, 1.309522, 0.587054, -4.641539, 1.865802, 0.981215
0.498211, 1.311388, 0.588036, -4.647133, 1.851078, 0.974612
0.493564, 1.313239, 0.589010, -4.652669, 1.836347, 0.968005
0.488911, 1.315075, 0.589978, -4.658149, 1.821609, 0.961393
0.484253, 1.316897, 0.590940, -4.663571, 1.806864, 0.954777
0.479590, 1.318704, 0.591894, -4.668936, 1.792111, 0.948155
0.474921, 1.320496, 0.592843, -4.674244, 1.777353, 0.941529
0.470247, 1.322273, 0.593784, -4.679495, 1.762587, 0.934898
0.465567, 1.324036, 0.594719, -4.684689, 1.747815, 0.928263
0.460882, 1.325784, 0.595647, -4.689826, 1.733037, 0.921624
0.456193, 1.327517, 0.596569, -4.694907, 1.718253, 0.914980
0.451498, 1.329235, 0.597484, -4.699930, 1.703464, 0.908332
0.446798, 1.330938, 0.598392, -4.704897, 1.688668, 0.901680
0.442093, 1.332627, 0.599294, -4.709807, 1.673867, 0.895024
0.437383, 1.334301, 0.600189, -4.714661, 1.659061, 0.888364
0.432668, 1.335960, 0.601077, -4.719458, 1.644250, 0.881700
0.427949, 1.337604, 0.601959, -4.724198, 1.629434, 0.875033
0.423225, 1.339234, 0.602834, -4.728882, 1.614613, 0.868361
0.418496, 1.340848, 0.603702, -4.733509, 1.599788, 0.861686
0.413762, 1.342448, 0.604564, -4.738080, 1.584958, 0.855008
0.409024, 1.344033, 0.605419, -4.742594, 1.570123, 0.848326
0.404282, 1.345603, 0.606267, -4.747052, 1.555285, 0.841640
0.399535, 1.347158, 0.607109, -4.751454, 1.540443, 0.834952
0.394783, 1.348699, 0.607944, -4.755799, 1.525597, 0.828260
0.390027, 1.350225, 0.608772, -4.760089, 1.510748, 0.821564
0.385267, 1.351735, 0.609594, -4.764322, 1.495895, 0.814866
0.380503, 1.353231, 0.610409, -4.768499, 1.481039, 0.808165
0.375734, 1.354712, 0.611217, -4.772621, 1.466180, 0.801461
0.370962, 1.356178, 0.612018, -4.776686, 1.451319, 0.794754
0.366185, 1.357630, 0.612813, -4.780695, 1.436454, 0.788045
0.361404, 1.359066, 0.613601, -4.784649, 1.421587, 0.781332
0.356620, 1.360488, 0.614382, -4.788546, 1.406717, 0.774617
0.351831, 1.361894, 0.615157, -4.792388, 1.391846, 0.767900
0.347039, 1.363286, 0.615925, -4.796174, 1.376972, 0.761180
0.342243, 1.364663, 0.616686, -4.799905, 1.362097, 0.754458
0.337443, 1.366025, 0.617441, -4.803580, 1.347219, 0.747733
0.332639, 1.367373, 0.618188, -4.807200, 1.332341, 0.741007
0.327832, 1.368705, 0.618929, -4.810764, 1.317460, 0.734278
0.323021, 1.370022, 0.619664, -4.814272, 1.302579, 0.727547
0.318207, 1.371325, 0.620391, -4.817726, 1.287697, 0.720814
0.313389, 1.372613, 0.621112, -4.821124, 1.272813, 0.714079
0.308568, 1.373885, 0.621826, -4.824467, 1.257929, 0.707343
0.303744, 1.375143, 0.622533, -4.827755, 1.243044, 0.700605
0.298916, 1.376386, 0.623234, -4.830987, 1.228159, 0.693865
0.294085, 1.377615, 0.623928, -4.834165, 1.213274, 0.687123
0.289251, 1.378828, 0.624615, -4.837288, 1.198389, 0.680380
0.284413, 1.380026, 0.625295, -4.840355, 1.183503, 0.673635
0.279573, 1.381210, 0.625969, -4.843368, 1.168618, 0.666889
0.274730, 1.382378, 0.626636, -4.846326, 1.153734, 0.660142
0.269883, 1.383532, 0.627296, -4.849230, 1.138849, 0.653393
0.265034, 1.384671, 0.627949, -4.852079, 1.123966, 0.646644
0.260182, 1.385795, 0.628596, -4.854873, 1.109083, 0.639893
0.255327, 1.386904, 0.629236, -4.857612, 1.094202, 0.633141
0.250470, 1.387998, 0.629869, -4.860298, 1.079321, 0.626389
0.245609, 1.389078, 0.630495, -4.862929, 1.064442, 0.619635
0.240746, 1.390142, 0.631115, -4.865505, 1.049564, 0.612881
0.235881, 1.391192, 0.631728, -4.868027, 1.034688, 0.606125
0.231013, 1.392226, 0.632334, -4.870495, 1.019814, 0.599370
0.226142, 1.393246, 0.632933, -4.872909, 1.004942, 0.592613
0.221269, 1.394251, 0.633526, -4.875269, 0.990071, 0.585857
0.216394, 1.395241, 0.634112, -4.877575, 0.975203, 0.579099
0.211517, 1.396216, 0.634691, -4.879827, 0.960338, 0.572342
0.206637, 1.397177, 0.635263, -4.882026, 0.945475, 0.565584
0.201755, 1.398122, 0.635829, -4.884170, 0.930614, 0.558826
0.196871, 1.399053, 0.636388, -4.886261, 0.915756, 0.552067
0.191984, 1.399968, 0.636940, -4.888298, 0.900902, 0.545309
0.187096, 1.400869, 0.637485, -4.890281, 0.886050, 0.538550
0.182206, 1.401755, 0.638024, -4.892211, 0.871202, 0.531792
0.177314, 1.402627, 0.638556, -4.894088, 0.856357, 0.525034
0.172419, 1.403483, 0.639081, -4.895911, 0.841516, 0.518276
0.167524, 1.404324, 0.639599, -4.897681, 0.826678, 0.511518
0.162626, 1.405151, 0.640110, -4.899398, 0.811844, 0.504761
0.157726, 1.405963, 0.640615, -4.901062, 0.797014, 0.498003
0.152825, 1.406760, 0.641113, -4.902672, 0.782189, 0.491247
0.147923, 1.407542, 0.641604, -4.904230, 0.767367, 0.484491
0.143018, 1.408310, 0.642089, -4.905735, 0.752550, 0.477735
0.138113, 1.409062, 0.642567, -4.907187, 0.737738, 0.470980
0.133206, 1.409800, 0.643038, -4.908586, 0.722930, 0.464226
0.128297, 1.410523, 0.643502, -4.909932, 0.708127, 0.457473
0.123387, 1.411231, 0.643959, -4.911226, 0.693329, 0.450721
0.118476, 1.411924, 0.644410, -4.912467, 0.678537, 0.443969
0.113563, 1.412603, 0.644854, -4.913656, 0.663749, 0.437219
0.108650, 1.413267, 0.645291, -4.914792, 0.648967, 0.430469
0.103735, 1.413916, 0.645722, -4.915877, 0.634190, 0.423721
0.098819, 1.414550, 0.646145, -4.916908, 0.619419, 0.416974
0.093902, 1.415169, 0.646562, -4.917888, 0.604654, 0.410228
0.088984, 1.415774, 0.646973, -4.918816, 0.589895, 0.403483
0.084065, 1.416364, 0.647376, -4.919691, 0.575142, 0.396740
0.079146, 1.416939, 0.647773, -4.920515, 0.560395, 0.389998
0.074225, 1.417499, 0.648163, -4.921287, 0.545655, 0.383258
0.069304, 1.418045, 0.648546, -4.922007, 0.530921, 0.376520
0.064382, 1.418576, 0.648923, -4.922676, 0.516193, 0.369783
0.059459, 1.419092, 0.649292, -4.923292, 0.501473, 0.363047
0.054536, 1.419593, 0.649655, -4.923858, 0.486759, 0.356314
0.049612, 1.420080, 0.650012, -4.924371, 0.472052, 0.349582
0.044688, 1.420552, 0.650361, -4.924834, 0.457353, 0.342852
0.039763, 1.421010, 0.650704, -4.925245, 0.442661, 0.336124
0.034838, 1.421452, 0.651040, -4.925605, 0.427976, 0.329399
0.029912, 1.421880, 0.651370, -4.925914, 0.413298, 0.322675
