Posicion                     Velocidad
0.050801, -0.401164, -0.219558, 8.151756, 1.773446, 0.101990
0.058953, -0.399391, -0.219456, 8.127866, 1.935298, 0.190924
0.067081, -0.397455, -0.219265, 8.100571, 2.097018, 0.280140
0.075181, -0.395358, -0.218985, 8.069850, 2.258575, 0.369625
0.083251, -0.393100, -0.218615, 8.035676, 2.419936, 0.459363
0.091287, -0.390680, -0.218156, 7.998026, 2.581067, 0.549338
0.099285, -0.388099, -0.217606, 7.956872, 2.741935, 0.639536
0.107242, -0.385357, -0.216967, 7.912188, 2.902502, 0.729941
0.115154, -0.382454, -0.216237, 7.863943, 3.062734, 0.820534
0.123018, -0.379392, -0.215416, 7.812110, 3.222590, 0.911299
0.130830, -0.376169, -0.214505, 7.756657, 3.382032, 1.002219
0.138587, -0.372787, -0.213503, 7.697552, 3.541018, 1.093274
0.146284, -0.369246, -0.212409, 7.634764, 3.699507, 1.184444
0.153919, -0.365547, -0.211225, 7.568258, 3.857453, 1.275711
0.161487, -0.361689, -0.209949, 7.498001, 4.014811, 1.367053
0.168985, -0.357674, -0.208582, 7.423956, 4.171534, 1.458447
0.176409, -0.353503, -0.207124, 7.346089, 4.327572, 1.549873
0.183755, -0.349175, -0.205574, 7.264361, 4.482872, 1.641305
0.191020, -0.344692, -0.203933, 7.178735, 4.637383, 1.732719
0.198198, -0.340055, -0.202200, 7.089173, 4.791048, 1.824089
0.205288, -0.335264, -0.200376, 6.995635, 4.943808, 1.915389
0.212283, -0.330320, -0.198460, 6.898081, 5.095605, 2.006590
0.219181, -0.325224, -0.196454, 6.796472, 5.246374, 2.097663
0.225978, -0.319978, -0.194356, 6.690766, 5.396051, 2.188578
0.232668, -0.314582, -0.192168, 6.580922, 5.544566, 2.279301
0.239249, -0.309037, -0.189888, 6.466899, 5.691850, 2.369800
0.245716, -0.303346, -0.187518, 6.348653, 5.837828, 2.460039
0.252065, -0.297508, -0.185058, 6.226144, 5.982424, 2.549981
0.258291, -0.291525, -0.182508, 6.099330, 6.125556, 2.639588
0.264390, -0.285400, -0.179869, 5.968167, 6.267141, 2.728820
0.270359, -0.279133, -0.177140, 5.832615, 6.407093, 2.817635
0.276191, -0.272726, -0.174322, 5.692631, 6.545320, 2.905988
0.281884, -0.266180, -0.171416, 5.548175, 6.681728, 2.993833
0.287432, -0.259499, -0.168423, 5.399206, 6.816220, 3.081122
0.292831, -0.252682, -0.165341, 5.245686, 6.948692, 3.167804
0.298077, -0.245734, -0.162174, 5.087575, 7.079038, 3.253827
0.303164, -0.238655, -0.158920, 4.924835, 7.207148, 3.339136
0.308089, -0.231447, -0.155581, 4.757433, 7.332907, 3.423672
0.312847, -0.224115, -0.152157, 4.585332, 7.456195, 3.507375
0.317432, -0.216658, -0.148650, 4.408502, 7.576887, 3.590182
0.321841, -0.209081, -0.145059, 4.226912, 7.694856, 3.672028
0.326067, -0.201387, -0.141387, 4.040536, 7.809966, 3.752844
0.330108, -0.193577, -0.137635, 3.849348, 7.922080, 3.832557
0.333957, -0.185655, -0.133802, 3.653328, 8.031052, 3.911094
0.337611, -0.177623, -0.129891, 3.452458, 8.136733, 3.988376
0.341063, -0.169487, -0.125903, 3.246724, 8.238970, 4.064322
0.344310, -0.161248, -0.121838, 3.036119, 8.337601, 4.138847
0.347346, -0.152910, -0.117699, 2.820637, 8.432461, 4.211864
0.350167, -0.144478, -0.113488, 2.600279, 8.523380, 4.283281
0.352767, -0.135954, -0.109204, 2.375054, 8.610181, 4.353003
0.355142, -0.127344, -0.104851, 2.144973, 8.692681, 4.420931
0.357287, -0.118651, -0.100430, 1.910058, 8.770694, 4.486964
0.359197, -0.109881, -0.095943, 1.670338, 8.844027, 4.550994
0.360867, -0.101037, -0.091392, 1.425847, 8.912480, 4.612913
0.362293, -0.092124, -0.086779, 1.176631, 8.975851, 4.672608
0.363470, -0.083148, -0.082107, 0.922744, 9.033931, 4.729960
0.364393, -0.074114, -0.077377, 0.664252, 9.086506, 4.784849
0.365057, -0.065028, -0.072592, 0.401230, 9.133358, 4.837152
0.365458, -0.055895, -0.067755, 0.133766, 9.174265, 4.886739
0.365592, -0.046720, -0.062868, -0.138041, 9.209000, 4.933479
0.365454, -0.037511, -0.057935, -0.414077, 9.237334, 4.977239
0.365040, -0.028274, -0.052957, -0.694216, 9.259032, 5.017879
0.364345, -0.019015, -0.047940, -0.978314, 9.273859, 5.055260
0.363367, -0.009741, -0.042884, -1.266214, 9.281577, 5.089238
0.362101, -0.000460, -0.037795, -1.557741, 9.281947, 5.119667
0.360543, 0.008822, -0.032675, -1.852705, 9.274729, 5.146399
0.358690, 0.018097, -0.027529, -2.150894, 9.259684, 5.169284
0.356540, 0.027357, -0.022360, -2.452081, 9.236575, 5.188173
0.354088, 0.036593, -0.017172, -2.756016, 9.205164, 5.202912
0.351331, 0.045799, -0.011969, -3.062431, 9.165221, 5.213350
0.348269, 0.054964, -0.006755, -3.371037, 9.116517, 5.219336
0.344898, 0.064080, -0.001536, -3.681521, 9.058831, 5.220719
0.341217, 0.073139, 0.003685, -3.993551, 8.991947, 5.217349
0.337223, 0.082131, 0.008902, -4.306772, 8.915662, 5.209081
0.332916, 0.091047, 0.014111, -4.620806, 8.829780, 5.195770
0.328295, 0.099876, 0.019307, -4.935251, 8.734117, 5.177278
0.323360, 0.108611, 0.024484, -5.249684, 8.628505, 5.153469
0.318110, 0.117239, 0.029638, -5.563659, 8.512789, 5.124217
0.312547, 0.125752, 0.034762, -5.876708, 8.386835, 5.089399
0.306670, 0.134139, 0.039851, -6.188342, 8.250526, 5.048903
0.300482, 0.142389, 0.044900, -6.498048, 8.103765, 5.002624
0.293984, 0.150493, 0.049903, -6.805298, 7.946481, 4.950469
0.287178, 0.158440, 0.054853, -7.109541, 7.778627, 4.892356
0.280069, 0.166218, 0.059746, -7.410210, 7.600182, 4.828216
0.272659, 0.173818, 0.064574, -7.706725, 7.411156, 4.757992
0.264952, 0.181229, 0.069332, -7.998488, 7.211588, 4.681644
0.256953, 0.188441, 0.074014, -8.284893, 7.001548, 4.599147
0.248669, 0.195443, 0.078613, -8.565323, 6.781142, 4.510494
0.240103, 0.202224, 0.083123, -8.839157, 6.550509, 4.415693
0.231264, 0.208774, 0.087539, -9.105767, 6.309826, 4.314775
0.222158, 0.215084, 0.091854, -9.364527, 6.059305, 4.207788
0.212794, 0.221143, 0.096061, -9.614815, 5.799197, 4.094800
0.203179, 0.226943, 0.100156, -9.856013, 5.529789, 3.975903
0.193323, 0.232472, 0.104132, -10.087514, 5.251407, 3.851206
0.183235, 0.237724, 0.107983, -10.308724, 4.964415, 3.720844
0.172927, 0.242688, 0.111704, -10.519069, 4.669214, 3.584969
0.162408, 0.247357, 0.115289, -10.717993, 4.366240, 3.443758
0.151690, 0.251724, 0.118733, -10.904966, 4.055965, 3.297407
0.140785, 0.255780, 0.122030, -11.079487, 3.738893, 3.146135
0.129705, 0.259519, 0.125176, -11.241086, 3.415560, 2.990178
0.118464, 0.262934, 0.128167, -11.389328, 3.086532, 2.829794
0.107075, 0.266021, 0.130996, -11.523819, 2.752398, 2.665256
0.095551, 0.268773, 0.133662, -11.644203, 2.413774, 2.496857
0.083907, 0.271187, 0.136159, -11.750168, 2.071294, 2.324904
0.072157, 0.273258, 0.138483, -11.841449, 1.725610, 2.149716
0.060315, 0.274984, 0.140633, -11.917829, 1.377387, 1.971626
0.048397, 0.276361, 0.142605, -11.979137, 1.027300, 1.790978
0.036418, 0.277388, 0.144396, -12.025255, 0.676031, 1.608123
0.024393, 0.278064, 0.146004, -12.056114, 0.324261, 1.423419
0.012337, 0.278389, 0.147427, -12.071694, -0.027327, 1.237227
0.000265, 0.278361, 0.148665, -12.072028, -0.378057, 1.049913
-0.011807, 0.277983, 0.149714, -12.057196, -0.727261, 0.861840
-0.023864, 0.277256, 0.150576, -12.027327, -1.074284, 0.673374
-0.035891, 0.276182, 0.151250, -11.982596, -1.418487, 0.484872
-0.047874, 0.274763, 0.151735, -11.923222, -1.759250, 0.296691
-0.059797, 0.273004, 0.152031, -11.849469, -2.095972, 0.109176
-0.071647, 0.270908, 0.152140, -11.761636, -2.428081, -0.077335
-0.083408, 0.268480, 0.152063, -11.660065, -2.755026, -0.262512
-0.095068, 0.265725, 0.151801, -11.545126, -3.076289, -0.446039
-0.106614, 0.262649, 0.151355, -11.417226, -3.391379, -0.627614
-0.118031, 0.259257, 0.150727, -11.276795, -3.699839, -0.806947
-0.129308, 0.255557, 0.149920, -11.124289, -4.001243, -0.983762
-0.140432, 0.251556, 0.148936, -10.960187, -4.295200, -1.157802
-0.151392, 0.247261, 0.147778, -10.784985, -4.581349, -1.328822
-0.162177, 0.242680, 0.146450, -10.599192, -4.859368, -1.496598
-0.172776, 0.237820, 0.144953, -10.403330, -5.128964, -1.660919
-0.183180, 0.232691, 0.143292, -10.197930, -5.389882, -1.821593
-0.193378, 0.227301, 0.141470, -9.983528, -5.641896, -1.978444
-0.203361, 0.221660, 0.139492, -9.760663, -5.884814, -2.131314
-0.213122, 0.215775, 0.137361, -9.529875, -6.118476, -2.280062
-0.222652, 0.209656, 0.135081, -9.291700, -6.342749, -2.424560
-0.231943, 0.203313, 0.132656, -9.046671, -6.557533, -2.564701
-0.240990, 0.196756, 0.130091, -8.795315, -6.762753, -2.700388
-0.249785, 0.189993, 0.127391, -8.538149, -6.958359, -2.831543
-0.258323, 0.183035, 0.124559, -8.275683, -7.144329, -2.958100
-0.266599, 0.175890, 0.121601, -8.008414, -7.320662, -3.080007
-0.274608, 0.168570, 0.118521, -7.736826, -7.487378, -3.197225
-0.282344, 0.161082, 0.115324, -7.461390, -7.644520, -3.309728
-0.289806, 0.153438, 0.112014, -7.182563, -7.792145, -3.417499
-0.296988, 0.145646, 0.108597, -6.900786, -7.930331, -3.520533
-0.303889, 0.137715, 0.105076, -6.616485, -8.059169, -3.618836
-0.310506, 0.129656, 0.101458, -6.330070, -8.178766, -3.712422
-0.316836, 0.121478, 0.097745, -6.041934, -8.289240, -3.801314
-0.322878, 0.113188, 0.093944, -5.752453, -8.390721, -3.885541
-0.328630, 0.104798, 0.090058, -5.461987, -8.483348, -3.965140
-0.334092, 0.096314, 0.086093, -5.170878, -8.567271, -4.040157
-0.339263, 0.087747, 0.082053, -4.879453, -8.642645, -4.110640
-0.344142, 0.079104, 0.077942, -4.588023, -8.709633, -4.176644
-0.348730, 0.070395, 0.073766, -4.296881, -8.768403, -4.238228
-0.353027, 0.061626, 0.069527, -4.006305, -8.819127, -4.295456
-0.357034, 0.052807, 0.065232, -3.716558, -8.861982, -4.348394
-0.360750, 0.043945, 0.060884, -3.427888, -8.897147, -4.397113
-0.364178, 0.035048, 0.056487, -3.140528, -8.924802, -4.441685
-0.367319, 0.026123, 0.052045, -2.854697, -8.945130, -4.482184
-0.370173, 0.017178, 0.047563, -2.570601, -8.958314, -4.518686
-0.372744, 0.008220, 0.043044, -2.288432, -8.964536, -4.551271
-0.375032, -0.000745, 0.038493, -2.008370, -8.963980, -4.580016
-0.377041, -0.009709, 0.033913, -1.730582, -8.956827, -4.605001
-0.378771, -0.018666, 0.029308, -1.455226, -8.943258, -4.626307
-0.380226, -0.027609, 0.024681, -1.182446, -8.923451, -4.644014
-0.381409, -0.036532, 0.020037, -0.912378, -8.897583, -4.658202
-0.382321, -0.045430, 0.015379, -0.645147, -8.865829, -4.668952
-0.382966, -0.054296, 0.010710, -0.380868, -8.828360, -4.676343
-0.383347, -0.063124, 0.006034, -0.119648, -8.785346, -4.680454
-0.383467, -0.071909, 0.001353, 0.138415, -8.736953, -4.681365
-0.383328, -0.080646, -0.003328, 0.393230, -8.683344, -4.679153
-0.382935, -0.089330, -0.008007, 0.644714, -8.624679, -4.673894
-0.382291, -0.097954, -0.012681, 0.892792, -8.561114, -4.665665
-0.381398, -0.106515, -0.017347, 1.137394, -8.492802, -4.654540
-0.380260, -0.115008, -0.022001, 1.378458, -8.419893, -4.640593
-0.378882, -0.123428, -0.026642, 1.615926, -8.342533, -4.623895
-0.377266, -0.131771, -0.031266, 1.849747, -8.260865, -4.604517
-0.375416, -0.140032, -0.035870, 2.079874, -8.175026, -4.582529
-0.373336, -0.148207, -0.040453, 2.306266, -8.085154, -4.557998
-0.371030, -0.156292, -0.045011, 2.528884, -7.991379, -4.530992
-0.368501, -0.164283, -0.049542, 2.747696, -7.893829, -4.501574
-0.365754, -0.172177, -0.054043, 2.962671, -7.792630, -4.469810
-0.362791, -0.179970, -0.058513, 3.173785, -7.687903, -4.435760
-0.359617, -0.187658, -0.062949, 3.381014, -7.579766, -4.399486
-0.356236, -0.195237, -0.067348, 3.584338, -7.468333, -4.361046
-0.352652, -0.202706, -0.071709, 3.783740, -7.353716, -4.320499
-0.348868, -0.210059, -0.076030, 3.979206, -7.236022, -4.277901
-0.344889, -0.217295, -0.080308, 4.170724, -7.115358, -4.233305
-0.340718, -0.224411, -0.084541, 4.358282, -6.991824, -4.186767
-0.336360, -0.231403, -0.088728, 4.541874, -6.865520, -4.138338
-0.331818, -0.238268, -0.092866, 4.721493, -6.736541, -4.088068
-0.327096, -0.245005, -0.096954, 4.897133, -6.604982, -4.036006
-0.322199, -0.251610, -0.100990, 5.068791, -6.470931, -3.982202
-0.317130, -0.258081, -0.104973, 5.236465, -6.334479, -3.926700
-0.311894, -0.264415, -0.108899, 5.400154, -6.195708, -3.869548
-0.306494, -0.270611, -0.112769, 5.559856, -6.054703, -3.810788
-0.300934, -0.276665, -0.116580, 5.715574, -5.911543, -3.750464
-0.295218, -0.282577, -0.120330, 5.867307, -5.766307, -3.688618
-0.289351, -0.288343, -0.124019, 6.015058, -5.619071, -3.625291
-0.283336, -0.293962, -0.127644, 6.158830, -5.469907, -3.560521
-0.277177, -0.299432, -0.131204, 6.298624, -5.318888, -3.494348
-0.270879, -0.304751, -0.134699, 6.434445, -5.166084, -3.426809
-0.264444, -0.309917, -0.138126, 6.566295, -5.011561, -3.357941
-0.257878, -0.314929, -0.141484, 6.694177, -4.855387, -3.287779
-0.251184, -0.319784, -0.144771, 6.818096, -4.697625, -3.216357
-0.244366, -0.324482, -0.147988, 6.938055, -4.538337, -3.143710
-0.237428, -0.329020, -0.151131, 7.054057, -4.377585, -3.069871
-0.230373, -0.333398, -0.154201, 7.166106, -4.215428, -2.994871
-0.223207, -0.337613, -0.157196, 7.274204, -4.051924, -2.918741
-0.215933, -0.341665, -0.160115, 7.378354, -3.887129, -2.841514
-0.208555, -0.345552, -0.162956, 7.478559, -3.721100, -2.763217
-0.201076, -0.349273, -0.165720, 7.574822, -3.553890, -2.683881
-0.193501, -0.352827, -0.168403, 7.667143, -3.385553, -2.603534
-0.185834, -0.356213, -0.171007, 7.755525, -3.216140, -2.522204
-0.178079, -0.359429, -0.173529, 7.839968, -3.045702, -2.439918
-0.170239, -0.362475, -0.175969, 7.920473, -2.874290, -2.356704
-0.162318, -0.365349, -0.178326, 7.997040, -2.701953, -2.272586
-0.154321, -0.368051, -0.180598, 8.069667, -2.528740, -2.187592
-0.146252, -0.370580, -0.182786, 8.138354, -2.354697, -2.101747
-0.138113, -0.372934, -0.184888, 8.203099, -2.179873, -2.015075
-0.129910, -0.375114, -0.186903, 8.263899, -2.004314, -1.927602
-0.121646, -0.377118, -0.188830, 8.320750, -1.828066, -1.839351
-0.113326, -0.378946, -0.190670, 8.373650, -1.651175, -1.750347
-0.104952, -0.380598, -0.192420, 8.422594, -1.473686, -1.660613
-0.096529, -0.382071, -0.194081, 8.467576, -1.295644, -1.570173
-0.088062, -0.383367, -0.195651, 8.508590, -1.117093, -1.479050
-0.079553, -0.384484, -0.197130, 8.545630, -0.938079, -1.387267
-0.071007, -0.385422, -0.198517, 8.578687, -0.758646, -1.294848
-0.062429, -0.386181, -0.199812, 8.607754, -0.578838, -1.201814
-0.053821, -0.386760, -0.201014, 8.632822, -0.398699, -1.108189
-0.045188, -0.387158, -0.202122, 8.653881, -0.218274, -1.013995
-0.036534, -0.387377, -0.203136, 8.670920, -0.037608, -0.919256
-0.027863, -0.387414, -0.204055, 8.683928, 0.143255, -0.823993
-0.019179, -0.387271, -0.204879, 8.692893, 0.324269, -0.728231
-0.010487, -0.386947, -0.205608, 8.697801, 0.505389, -0.631991
-0.001789, -0.386441, -0.206240, 8.698640, 0.686569, -0.535297
0.006910, -0.385755, -0.206775, 8.695394, 0.867763, -0.438172
0.015605, -0.384887, -0.207213, 8.688049, 1.048924, -0.340640
0.024293, -0.383838, -0.207554, 8.676588, 1.230005, -0.242724
0.032970, -0.382608, -0.207796, 8.660995, 1.410957, -0.144448
0.041631, -0.381197, -0.207941, 8.641253, 1.591731, -0.045837
0.050272, -0.379605, -0.207987, 8.617343, 1.772277, 0.053085
0.058889, -0.377833, -0.207934, 8.589246, 1.952546, 0.152293
0.067479, -0.375881, -0.207781, 8.556943, 2.132485, 0.251761
0.076036, -0.373748, -0.207530, 8.520413, 2.312042, 0.351462
0.084556, -0.371436, -0.207178, 8.479637, 2.491163, 0.451372
0.093036, -0.368945, -0.206727, 8.434592, 2.669794, 0.551462
0.101470, -0.366275, -0.206175, 8.385257, 2.847877, 0.651705
0.109856, -0.363427, -0.205524, 8.331610, 3.025357, 0.752072
0.118187, -0.360402, -0.204771, 8.273626, 3.202173, 0.852534
0.126461, -0.357200, -0.203919, 8.211283, 3.378265, 0.953062
0.134672, -0.353821, -0.202966, 8.144558, 3.553572, 1.053625
0.142817, -0.350268, -0.201912, 8.073425, 3.728030, 1.154192
0.150890, -0.346540, -0.200758, 7.997861, 3.901573, 1.254729
0.158888, -0.342638, -0.199503, 7.917841, 4.074135, 1.355204
0.166806, -0.338564, -0.198148, 7.833340, 4.245646, 1.455583
0.174639, -0.334318, -0.196693, 7.744333, 4.416035, 1.555830
0.182383, -0.329902, -0.195137, 7.650795, 4.585230, 1.655908
0.190034, -0.325317, -0.193481, 7.552701, 4.753155, 1.755781
0.197587, -0.320564, -0.191725, 7.450027, 4.919733, 1.855409
0.205037, -0.315644, -0.189870, 7.342749, 5.084883, 1.954752
0.212380, -0.310559, -0.187915, 7.230841, 5.248525, 2.053769
0.219611, -0.305311, -0.185861, 7.114280, 5.410572, 2.152417
0.226725, -0.299900, -0.183709, 6.993043, 5.570938, 2.250651
0.233718, -0.294329, -0.181458, 6.867107, 5.729533, 2.348427
0.240585, -0.288600, -0.179110, 6.736452, 5.886264, 2.445697
0.247321, -0.282714, -0.176664, 6.601056, 6.041036, 2.542412
0.253923, -0.276673, -0.174121, 6.460899, 6.193750, 2.638521
0.260383, -0.270479, -0.171483, 6.315963, 6.344305, 2.733973
0.266699, -0.264134, -0.168749, 6.166232, 6.492596, 2.828712
0.272866, -0.257642, -0.165920, 6.011690, 6.638516, 2.922684
0.278877, -0.251003, -0.162998, 5.852323, 6.781954, 3.015830
0.284730, -0.244221, -0.159982, 5.688121, 6.922795, 3.108091
0.290418, -0.237299, -0.156874, 5.519074, 7.060923, 3.199405
0.295937, -0.230238, -0.153674, 5.345175, 7.196216, 3.289707
0.301282, -0.223041, -0.150385, 5.166420, 7.328549, 3.378932
0.306448, -0.215713, -0.147006, 4.982808, 7.457796, 3.467012
0.311431, -0.208255, -0.143539, 4.794341, 7.583825, 3.553877
0.316226, -0.200671, -0.139985, 4.601025, 7.706500, 3.639453
0.320827, -0.192965, -0.136345, 4.402869, 7.825683, 3.723665
0.325229, -0.185139, -0.132622, 4.199887, 7.941232, 3.806437
0.329429, -0.177198, -0.128815, 3.992096, 8.053001, 3.887688
0.333421, -0.169145, -0.124928, 3.779520, 8.160841, 3.967337
0.337201, -0.160984, -0.120960, 3.562186, 8.264599, 4.045299
0.340763, -0.152719, -0.116915, 3.340128, 8.364119, 4.121487
0.344103, -0.144355, -0.112793, 3.113384, 8.459240, 4.195811
0.347217, -0.135896, -0.108598, 2.882000, 8.549801, 4.268180
0.350099, -0.127346, -0.104329, 2.646029, 8.635634, 4.338499
0.352745, -0.118711, -0.099991, 2.405529, 8.716570, 4.406672
0.355150, -0.109994, -0.095584, 2.160567, 8.792438, 4.472601
0.357311, -0.101202, -0.091112, 1.911219, 8.863061, 4.536183
0.359222, -0.092339, -0.086575, 1.657567, 8.928263, 4.597315
0.360880, -0.083410, -0.081978, 1.399702, 8.987863, 4.655892
0.362279, -0.074422, -0.077322, 1.137728, 9.041680, 4.711806
0.363417, -0.065381, -0.072610, 0.871755, 9.089530, 4.764947
0.364289, -0.056291, -0.067845, 0.601904, 9.131229, 4.815205
0.364891, -0.047160, -0.063030, 0.328307, 9.166589, 4.862465
0.365219, -0.037993, -0.058168, 0.051110, 9.195426, 4.906614
0.365270, -0.028798, -0.053261, -0.229534, 9.217552, 4.947535
0.365041, -0.019580, -0.048314, -0.513457, 9.232782, 4.985113
0.364527, -0.010348, -0.043329, -0.800479, 9.240929, 5.019229
0.363727, -0.001107, -0.038309, -1.090406, 9.241811, 5.049765
0.362636, 0.008135, -0.033260, -1.383032, 9.235247, 5.076604
0.361253, 0.017370, -0.028183, -1.678136, 9.221057, 5.099626
0.359575, 0.026591, -0.023083, -1.975485, 9.199068, 5.118715
0.357600, 0.035790, -0.017965, -2.274829, 9.169108, 5.133753
0.355325, 0.044960, -0.012831, -2.575905, 9.131012, 5.144625
0.352749, 0.054091, -0.007686, -2.878433, 9.084622, 5.151217
0.349870, 0.063175, -0.002535, -3.182122, 9.029786, 5.153417
0.346688, 0.072205, 0.002618, -3.486661, 8.966360, 5.151117
0.343202, 0.081171, 0.007770, -3.791727, 8.894208, 5.144211
0.339410, 0.090066, 0.012914, -4.096982, 8.813206, 5.132597
0.335313, 0.098879, 0.018046, -4.402072, 8.723239, 5.116177
0.330911, 0.107602, 0.023163, -4.706628, 8.624207, 5.094859
0.326204, 0.116226, 0.028257, -5.010269, 8.516020, 5.068556
0.321194, 0.124742, 0.033326, -5.312597, 8.398605, 5.037188
0.315881, 0.133141, 0.038363, -5.613204, 8.271902, 5.000680
0.310268, 0.141413, 0.043364, -5.911667, 8.135870, 4.958966
0.304356, 0.149549, 0.048323, -6.207552, 7.990484, 4.911988
0.298149, 0.157539, 0.053235, -6.500415, 7.835738, 4.859697
0.291648, 0.165375, 0.058094, -6.789801, 7.671646, 4.802053
0.284859, 0.173046, 0.062896, -7.075247, 7.498242, 4.739027
0.277783, 0.180545, 0.067636, -7.356282, 7.315584, 4.670600
0.270427, 0.187860, 0.072306, -7.632432, 7.123749, 4.596764
0.262795, 0.194984, 0.076903, -7.903213, 6.922839, 4.517524
0.254891, 0.201907, 0.081420, -8.168144, 6.712979, 4.432896
0.246723, 0.208620, 0.085853, -8.426740, 6.494320, 4.342912
0.238297, 0.215114, 0.090196, -8.678517, 6.267037, 4.247613
0.229618, 0.221381, 0.094444, -8.922995, 6.031329, 4.147057
0.220695, 0.227413, 0.098591, -9.159698, 5.787422, 4.041315
0.211535, 0.233200, 0.102632, -9.388156, 5.535565, 3.930472
0.202147, 0.238736, 0.106563, -9.607911, 5.276035, 3.814628
0.192539, 0.244012, 0.110377, -9.818514, 5.009132, 3.693895
0.182721, 0.249021, 0.114071, -10.019528, 4.735180, 3.568404
0.172701, 0.253756, 0.117640, -10.210535, 4.454527, 3.438295
0.162491, 0.258210, 0.121078, -10.391131, 4.167545, 3.303725
0.152100, 0.262378, 0.124382, -10.560936, 3.874626, 3.164866
0.141539, 0.266253, 0.127546, -10.719586, 3.576184, 3.021899
0.130819, 0.269829, 0.130568, -10.866746, 3.272651, 2.875021
0.119952, 0.273101, 0.133443, -11.002103, 2.964477, 2.724441
0.108950, 0.276066, 0.136168, -11.125371, 2.652130, 2.570378
0.097825, 0.278718, 0.138738, -11.236295, 2.336091, 2.413062
0.086589, 0.281054, 0.141151, -11.334648, 2.016853, 2.252734
0.075254, 0.283071, 0.143404, -11.420233, 1.694921, 2.089643
0.063834, 0.284766, 0.145494, -11.492887, 1.370806, 1.924045
0.052341, 0.286137, 0.147418, -11.552479, 1.045029, 1.756204
0.040788, 0.287182, 0.149174, -11.598911, 0.718113, 1.586391
0.029189, 0.287900, 0.150760, -11.632118, 0.390583, 1.414878
0.017557, 0.288290, 0.152175, -11.652071, 0.062966, 1.241944
0.005905, 0.288353, 0.153417, -11.658771, -0.264217, 1.067868
-0.005754, 0.288089, 0.154485, -11.652256, -0.590445, 0.892931
-0.017406, 0.287499, 0.155378, -11.632594, -0.915207, 0.717414
-0.029038, 0.286583, 0.156095, -11.599887, -1.237999, 0.541597
-0.040638, 0.285346, 0.156637, -11.554267, -1.558326, 0.365757
-0.052193, 0.283787, 0.157003, -11.495896, -1.875708, 0.190169
-0.063688, 0.281911, 0.157193, -11.424965, -2.189676, 0.015101
-0.075113, 0.279722, 0.157208, -11.341694, -2.499778, -0.159181
-0.086455, 0.277222, 0.157049, -11.246326, -2.805579, -0.332420
-0.097701, 0.274416, 0.156716, -11.139131, -3.106661, -0.504365
-0.108841, 0.271310, 0.156212, -11.020399, -3.402626, -0.674772
-0.119861, 0.267907, 0.155537, -10.890444, -3.693095, -0.843408
-0.130751, 0.264214, 0.154694, -10.749597, -3.977711, -1.010047
-0.141501, 0.260236, 0.153684, -10.598205, -4.256138, -1.174473
-0.152099, 0.255980, 0.152509, -10.436632, -4.528062, -1.336482
-0.162536, 0.251452, 0.151173, -10.265255, -4.793192, -1.495878
-0.172801, 0.246659, 0.149677, -10.084462, -5.051258, -1.652477
-0.182886, 0.241608, 0.148024, -9.894651, -5.302016, -1.806107
-0.192780, 0.236306, 0.146218, -9.696227, -5.545239, -1.956606
-0.202476, 0.230760, 0.144262, -9.489601, -5.780729, -2.103824
-0.211966, 0.224980, 0.142158, -9.275190, -6.008304, -2.247622
-0.221241, 0.218971, 0.139910, -9.053411, -6.227807, -2.387872
-0.230295, 0.212744, 0.137522, -8.824684, -6.439102, -2.524458
-0.239119, 0.206304, 0.134998, -8.589429, -6.642073, -2.657275
-0.247709, 0.199662, 0.132341, -8.348063, -6.836623, -2.786227
-0.256057, 0.192826, 0.129554, -8.101000, -7.022676, -2.911231
-0.264158, 0.185803, 0.126643, -7.848651, -7.200173, -3.032212
-0.272006, 0.178603, 0.123611, -7.591422, -7.369073, -3.149108
-0.279598, 0.171234, 0.120462, -7.329712, -7.529352, -3.261863
-0.286928, 0.163705, 0.117200, -7.063912, -7.681002, -3.370434
-0.293991, 0.156024, 0.113830, -6.794408, -7.824030, -3.474782
-0.300786, 0.148199, 0.110355, -6.521575, -7.958457, -3.574881
-0.307307, 0.140241, 0.106780, -6.245780, -8.084317, -3.670711
-0.313553, 0.132157, 0.103109, -5.967382, -8.201657, -3.762260
-0.319521, 0.123955, 0.099347, -5.686726, -8.310534, -3.849523
-0.325207, 0.115645, 0.095497, -5.404151, -8.411019, -3.932502
-0.330612, 0.107234, 0.091565, -5.119983, -8.503188, -4.011204
-0.335731, 0.098730, 0.087554, -4.834538, -8.587131, -4.085644
-0.340566, 0.090143, 0.083468, -4.548120, -8.662941, -4.155841
-0.345114, 0.081480, 0.079312, -4.261024, -8.730724, -4.221820
-0.349375, 0.072750, 0.075090, -3.973531, -8.790588, -4.283610
-0.353349, 0.063959, 0.070807, -3.685914, -8.842649, -4.341245
-0.357035, 0.055116, 0.066466, -3.398433, -8.887028, -4.394762
-0.360433, 0.046229, 0.062071, -3.111338, -8.923851, -4.444203
-0.363544, 0.037305, 0.057627, -2.824868, -8.953247, -4.489613
-0.366369, 0.028352, 0.053137, -2.539252, -8.975350, -4.531038
-0.368909, 0.019377, 0.048606, -2.254708, -8.990296, -4.568528
-0.371163, 0.010387, 0.044037, -1.971443, -8.998222, -4.602137
-0.373135, 0.001388, 0.039435, -1.689656, -8.999271, -4.631918
-0.374824, -0.007611, 0.034803, -1.409535, -8.993583, -4.657928
-0.376234, -0.016605, 0.030145, -1.131259, -8.981302, -4.680224
-0.377365, -0.025586, 0.025465, -0.854998, -8.962571, -4.698867
-0.378220, -0.034548, 0.020766, -0.580913, -8.937535, -4.713916
-0.378801, -0.043486, 0.016052, -0.309157, -8.906337, -4.725432
-0.379110, -0.052392, 0.011327, -0.039874, -8.869123, -4.733478
-0.379150, -0.061261, 0.006594, 0.226800, -8.826035, -4.738115
-0.378923, -0.070087, 0.001855, 0.490735, -8.777216, -4.739408
-0.378433, -0.078865, -0.002884, 0.751809, -8.722809, -4.737418
-0.377681, -0.087587, -0.007621, 1.009909, -8.662953, -4.732210
-0.376671, -0.096250, -0.012354, 1.264927, -8.597789, -4.723846
-0.375406, -0.104848, -0.017077, 1.516760, -8.527453, -4.712390
-0.373889, -0.113376, -0.021790, 1.765313, -8.452084, -4.697904
-0.372124, -0.121828, -0.026488, 2.010496, -8.371814, -4.680452
-0.370113, -0.130200, -0.031168, 2.252226, -8.286778, -4.660096
-0.367861, -0.138486, -0.035828, 2.490423, -8.197106, -4.636896
-0.365371, -0.146683, -0.040465, 2.725013, -8.102926, -4.610915
-0.362646, -0.154786, -0.045076, 2.955926, -8.004366, -4.582213
-0.359690, -0.162791, -0.049658, 3.183099, -7.901551, -4.550850
-0.356507, -0.170692, -0.054209, 3.406470, -7.794602, -4.516885
-0.353100, -0.178487, -0.058726, 3.625983, -7.683642, -4.480376
-0.349474, -0.186171, -0.063206, 3.841585, -7.568788, -4.441382
-0.345633, -0.193739, -0.067648, 4.053225, -7.450156, -4.399960
-0.341579, -0.201189, -0.072048, 4.260859, -7.327860, -4.356164
-0.337318, -0.208517, -0.076404, 4.464443, -7.202012, -4.310052
-0.332854, -0.215719, -0.080714, 4.663937, -7.072722, -4.261677
-0.328190, -0.222792, -0.084976, 4.859303, -6.940097, -4.211092
-0.323331, -0.229732, -0.089187, 5.050507, -6.804244, -4.158351
-0.318280, -0.236536, -0.093345, 5.237516, -6.665264, -4.103505
-0.313043, -0.243202, -0.097449, 5.420300, -6.523260, -4.046605
-0.307622, -0.249725, -0.101495, 5.598831, -6.378331, -3.987702
-0.302024, -0.256103, -0.105483, 5.773082, -6.230573, -3.926844
-0.296251, -0.262334, -0.109410, 5.943028, -6.080084, -3.864080
-0.290308, -0.268414, -0.113274, 6.108647, -5.926955, -3.799458
-0.284199, -0.274341, -0.117073, 6.269916, -5.771279, -3.733025
-0.277929, -0.280112, -0.120806, 6.426817, -5.613146, -3.664825
-0.271502, -0.285725, -0.124471, 6.579329, -5.452644, -3.594905
-0.264923, -0.291178, -0.128066, 6.727436, -5.289859, -3.523309
-0.258195, -0.296468, -0.131589, 6.871120, -5.124878, -3.450081
-0.251324, -0.301593, -0.135039, 7.010365, -4.957782, -3.375263
-0.244314, -0.306550, -0.138415, 7.145156, -4.788653, -3.298898
-0.237169, -0.311339, -0.141714, 7.275479, -4.617574, -3.221027
-0.229893, -0.315957, -0.144935, 7.401321, -4.444622, -3.141691
-0.222492, -0.320401, -0.148076, 7.522668, -4.269875, -3.060930
-0.214969, -0.324671, -0.151137, 7.639507, -4.093411, -2.978784
-0.207330, -0.328765, -0.154116, 7.751827, -3.915305, -2.895293
-0.199578, -0.332680, -0.157011, 7.859615, -3.735630, -2.810494
-0.191718, -0.336416, -0.159822, 7.962861, -3.554461, -2.724425
-0.183755, -0.339970, -0.162546, 8.061552, -3.371870, -2.637125
-0.175694, -0.343342, -0.165183, 8.155679, -3.187928, -2.548630
-0.167538, -0.346530, -0.167732, 8.245229, -3.002706, -2.458976
-0.159293, -0.349533, -0.170191, 8.330192, -2.816274, -2.368201
-0.150963, -0.352349, -0.172559, 8.410557, -2.628701, -2.276339
-0.142552, -0.354977, -0.174836, 8.486313, -2.440056, -2.183426
-0.134066, -0.357418, -0.177019, 8.557450, -2.250406, -2.089498
-0.125509, -0.359668, -0.179108, 8.623957, -2.059819, -1.994589
-0.116885, -0.361728, -0.181103, 8.685822, -1.868362, -1.898734
-0.108199, -0.363596, -0.183002, 8.743035, -1.676102, -1.801967
-0.099456, -0.365272, -0.184804, 8.795583, -1.483105, -1.704323
-0.090660, -0.366755, -0.186508, 8.843457, -1.289437, -1.605836
-0.081817, -0.368045, -0.188114, 8.886644, -1.095165, -1.506540
-0.072930, -0.369140, -0.189620, 8.925133, -0.900353, -1.406469
-0.064005, -0.370040, -0.191027, 8.958910, -0.705068, -1.305657
-0.055046, -0.370745, -0.192333, 8.987966, -0.509377, -1.204137
-0.046058, -0.371255, -0.193537, 9.012285, -0.313343, -1.101944
-0.037046, -0.371568, -0.194639, 9.031858, -0.117035, -0.999112
-0.028014, -0.371685, -0.195638, 9.046669, 0.079482, -0.895675
-0.018967, -0.371606, -0.196533, 9.056707, 0.276141, -0.791666
-0.009910, -0.371329, -0.197325, 9.061958, 0.472876, -0.687121
-0.000849, -0.370857, -0.198012, 9.062408, 0.669618, -0.582075
0.008214, -0.370187, -0.198594, 9.058044, 0.866299, -0.476561
0.017272, -0.369321, -0.199071, 9.048852, 1.062851, -0.370616
0.026321, -0.368258, -0.199441, 9.034817, 1.259205, -0.264274
0.035356, -0.366999, -0.199706, 9.015927, 1.455291, -0.157572
0.044372, -0.365543, -0.199863, 8.992166, 1.651038, -0.050546
0.053364, -0.363892, -0.199914, 8.963521, 1.846374, 0.056767
0.062327, -0.362046, -0.199857, 8.929976, 2.041227, 0.164330
0.071257, -0.360005, -0.199693, 8.891518, 2.235524, 0.272105
0.080149, -0.357769, -0.199421, 8.848133, 2.429190, 0.380055
0.088997, -0.355340, -0.199041, 8.799805, 2.622148, 0.488139
0.097797, -0.352718, -0.198552, 8.746522, 2.814323, 0.596318
0.106543, -0.349904, -0.197956, 8.688268, 3.005637, 0.704553
0.115231, -0.346898, -0.197252, 8.625031, 3.196009, 0.812801
0.123856, -0.343702, -0.196439, 8.556797, 3.385359, 0.921022
0.132413, -0.340317, -0.195518, 8.483553, 3.573604, 1.029172
0.140897, -0.336743, -0.194489, 8.405286, 3.760661, 1.137209
0.149302, -0.332982, -0.193351, 8.321985, 3.946444, 1.245087
0.157624, -0.329036, -0.192106, 8.233637, 4.130867, 1.352761
0.165858, -0.324905, -0.190754, 8.140233, 4.313839, 1.460185
0.173998, -0.320591, -0.189293, 8.041763, 4.495272, 1.567312
0.182040, -0.316096, -0.187726, 7.938216, 4.675071, 1.674093
0.189978, -0.311421, -0.186052, 7.829586, 4.853143, 1.780479
0.197808, -0.306568, -0.184271, 7.715864, 5.029392, 1.886418
0.205523, -0.301538, -0.182385, 7.597046, 5.203719, 1.991860
0.213120, -0.296335, -0.180393, 7.473126, 5.376023, 2.096750
0.220594, -0.290958, -0.178296, 7.344103, 5.546203, 2.201034
0.227938, -0.285412, -0.176095, 7.209973, 5.714153, 2.304657
0.235148, -0.279698, -0.173791, 7.070739, 5.879767, 2.407561
0.242218, -0.273818, -0.171383, 6.926401, 6.042935, 2.509688
0.249145, -0.267775, -0.168873, 6.776965, 6.203546, 2.610978
0.255922, -0.261572, -0.166263, 6.622436, 6.361486, 2.711369
0.262544, -0.255210, -0.163551, 6.462824, 6.516640, 2.810799
0.269007, -0.248694, -0.160740, 6.298141, 6.668888, 2.909203
0.275305, -0.242025, -0.157831, 6.128399, 6.818110, 3.006515
0.281434, -0.235207, -0.154825, 5.953618, 6.964183, 3.102667
0.287387, -0.228243, -0.151722, 5.773817, 7.106981, 3.197591
0.293161, -0.221136, -0.148524, 5.589020, 7.246376, 3.291215
0.298750, -0.213889, -0.145233, 5.399254, 7.382238, 3.383466
0.304149, -0.206507, -0.141850, 5.204551, 7.514435, 3.474272
0.309354, -0.198993, -0.138375, 5.004947, 7.642831, 3.563556
0.314359, -0.191350, -0.134812, 4.800480, 7.767289, 3.651241
0.319159, -0.183582, -0.131161, 4.591196, 7.887671, 3.737248
0.323750, -0.175695, -0.127423, 4.377144, 8.003834, 3.821496
0.328128, -0.167691, -0.123602, 4.158377, 8.115636, 3.903903
0.332286, -0.159575, -0.119698, 3.934956, 8.222930, 3.984385
0.336221, -0.151352, -0.115714, 3.706945, 8.325571, 4.062857
0.339928, -0.143027, -0.111651, 3.474417, 8.423408, 4.139231
0.343402, -0.134603, -0.107511, 3.237450, 8.516293, 4.213421
0.346640, -0.126087, -0.103298, 2.996126, 8.604072, 4.285335
0.349636, -0.117483, -0.099013, 2.750537, 8.686594, 4.354883
0.352386, -0.108796, -0.094658, 2.500782, 8.763704, 4.421972
0.354887, -0.100033, -0.090236, 2.246965, 8.835247, 4.486509
0.357134, -0.091197, -0.085749, 1.989201, 8.901070, 4.548399
0.359123, -0.082296, -0.081201, 1.727611, 8.961016, 4.607547
0.360851, -0.073335, -0.076593, 1.462324, 9.014930, 4.663856
0.362313, -0.064320, -0.071930, 1.193478, 9.062657, 4.717230
0.363507, -0.055258, -0.067212, 0.921222, 9.104044, 4.767570
0.364428, -0.046154, -0.062445, 0.645711, 9.138936, 4.814779
0.365074, -0.037015, -0.057630, 0.367111, 9.167183, 4.858758
0.365441, -0.027848, -0.052771, 0.085597, 9.188636, 4.899410
0.365526, -0.018659, -0.047872, -0.198645, 9.203145, 4.936636
0.365328, -0.009456, -0.042935, -0.485419, 9.210568, 4.970339
0.364842, -0.000245, -0.037965, -0.774521, 9.210762, 5.000423
0.364068, 0.008965, -0.032964, -1.065733, 9.203591, 5.026791
0.363002, 0.018169, -0.027938, -1.358830, 9.188921, 5.049348
0.361643, 0.027358, -0.022888, -1.653574, 9.166624, 5.068002
0.359990, 0.036525, -0.017820, -1.949718, 9.136577, 5.082662
0.358040, 0.045661, -0.012738, -2.247002, 9.098664, 5.093238
0.355793, 0.054760, -0.007644, -2.545157, 9.052775, 5.099644
0.353248, 0.063813, -0.002545, -2.843903, 8.998808, 5.101797
0.350404, 0.072811, 0.002557, -3.142949, 8.936668, 5.099614
0.347261, 0.081748, 0.007657, -3.441995, 8.866270, 5.093021
0.343819, 0.090614, 0.012750, -3.740730, 8.787538, 5.081943
0.340078, 0.099402, 0.017832, -4.038832, 8.700405, 5.066312
0.336039, 0.108102, 0.022898, -4.335972, 8.604817, 5.046065
0.331703, 0.116707, 0.027944, -4.631809, 8.500729, 5.021142
0.327072, 0.125208, 0.032965, -4.925995, 8.388110, 4.991492
0.322146, 0.133596, 0.037957, -5.218174, 8.266942, 4.957066
0.316927, 0.141863, 0.042914, -5.507982, 8.137218, 4.917824
0.311419, 0.150000, 0.047832, -5.795048, 7.998948, 4.873733
0.305624, 0.157999, 0.052705, -6.078995, 7.852155, 4.824766
0.299545, 0.165851, 0.057530, -6.359441, 7.696879, 4.770904
0.293186, 0.173548, 0.062301, -6.635999, 7.533174, 4.712137
0.286550, 0.181081, 0.067013, -6.908278, 7.361111, 4.648461
0.279642, 0.188442, 0.071662, -7.175886, 7.180778, 4.579884
0.272466, 0.195623, 0.076241, -7.438427, 6.992280, 4.506419
0.265027, 0.202615, 0.080748, -7.695508, 6.795739, 4.428092
0.257332, 0.209411, 0.085176, -7.946735, 6.591297, 4.344937
0.249385, 0.216002, 0.089521, -8.191714, 6.379110, 4.256998
0.241193, 0.222382, 0.093778, -8.430058, 6.159356, 4.164328
0.232763, 0.228541, 0.097942, -8.661382, 5.932228, 4.066991
0.224102, 0.234473, 0.102009, -8.885308, 5.697939, 3.965062
0.215217, 0.240171, 0.105974, -9.101465, 5.456718, 3.858625
0.206115, 0.245628, 0.109833, -9.309491, 5.208814, 3.747774
0.196806, 0.250837, 0.113581, -9.509032, 4.954491, 3.632615
0.187297, 0.255791, 0.117213, -9.699747, 4.694031, 3.513262
0.177597, 0.260485, 0.120727, -9.881307, 4.427732, 3.389841
0.167716, 0.264913, 0.124116, -10.053399, 4.155908, 3.262487
0.157662, 0.269069, 0.127379, -10.215720, 3.878888, 3.131344
0.147446, 0.272948, 0.130510, -10.367989, 3.597013, 2.996565
0.137078, 0.276545, 0.133507, -10.509939, 3.310641, 2.858314
0.126569, 0.279855, 0.136365, -10.641322, 3.020140, 2.716761
0.115927, 0.282875, 0.139082, -10.761911, 2.725889, 2.572087
0.105165, 0.285601, 0.141654, -10.871498, 2.428278, 2.424476
0.094294, 0.288030, 0.144078, -10.969898, 2.127707, 2.274124
0.083324, 0.290157, 0.146353, -11.056946, 1.824582, 2.121231
0.072267, 0.291982, 0.148474, -11.132501, 1.519316, 1.966002
0.061134, 0.293501, 0.150440, -11.196445, 1.212327, 1.808649
0.049938, 0.294714, 0.152248, -11.248683, 0.904037, 1.649387
0.038689, 0.295618, 0.153898, -11.289145, 0.594872, 1.488437
0.027400, 0.296213, 0.155386, -11.317785, 0.285257, 1.326020
0.016082, 0.296498, 0.156712, -11.334581, -0.024383, 1.162362
0.004748, 0.296473, 0.157875, -11.339533, -0.333623, 0.997688
-0.006592, 0.296140, 0.158872, -11.332668, -0.642043, 0.832228
-0.017924, 0.295498, 0.159705, -11.314035, -0.949225, 0.666209
-0.029238, 0.294548, 0.160371, -11.283706, -1.254759, 0.499857
-0.040522, 0.293294, 0.160871, -11.241776, -1.558240, 0.333399
-0.051764, 0.291735, 0.161204, -11.188363, -1.859270, 0.167058
-0.062952, 0.289876, 0.161371, -11.123605, -2.157463, 0.001058
-0.074076, 0.287719, 0.161372, -11.047660, -2.452441, -0.164386
-0.085124, 0.285266, 0.161208, -10.960708, -2.743836, -0.329057
-0.096084, 0.282522, 0.160879, -10.862945, -3.031294, -0.492746
-0.106947, 0.279491, 0.160386, -10.754587, -3.314472, -0.655248
-0.117702, 0.276177, 0.159731, -10.635865, -3.593043, -0.816363
-0.128338, 0.272584, 0.158914, -10.507027, -3.866690, -0.975897
-0.138845, 0.268717, 0.157938, -10.368334, -4.135114, -1.133663
-0.149213, 0.264582, 0.156805, -10.220061, -4.398029, -1.289480
-0.159433, 0.260184, 0.155515, -10.062495, -4.655166, -1.443175
-0.169496, 0.255529, 0.154072, -9.895933, -4.906271, -1.594579
-0.179391, 0.250622, 0.152478, -9.720685, -5.151105, -1.743535
-0.189112, 0.245471, 0.150734, -9.537065, -5.389448, -1.889892
-0.198649, 0.240082, 0.148844, -9.345397, -5.621092, -2.033505
-0.207995, 0.234461, 0.146811, -9.146011, -5.845849, -2.174239
-0.217141, 0.228615, 0.144636, -8.939241, -6.063545, -2.311968
-0.226080, 0.222551, 0.142324, -8.725427, -6.274022, -2.446570
-0.234805, 0.216277, 0.139878, -8.504910, -6.477138, -2.577936
-0.243310, 0.209800, 0.137300, -8.278034, -6.672768, -2.705962
-0.251588, 0.203127, 0.134594, -8.045144, -6.860799, -2.830553
-0.259633, 0.196267, 0.131763, -7.806584, -7.041135, -2.951622
-0.267440, 0.189226, 0.128812, -7.562699, -7.213694, -3.069088
-0.275003, 0.182012, 0.125743, -7.313831, -7.378409, -3.182881
-0.282316, 0.174633, 0.122560, -7.060320, -7.535224, -3.292936
-0.289377, 0.167098, 0.119267, -6.802503, -7.684098, -3.399195
-0.296179, 0.159414, 0.115868, -6.540714, -7.825002, -3.501609
-0.302720, 0.151589, 0.112366, -6.275281, -7.957920, -3.600135
-0.308995, 0.143631, 0.108766, -6.006529, -8.082844, -3.694735
-0.315002, 0.135548, 0.105071, -5.734777, -8.199782, -3.785380
-0.320737, 0.127349, 0.101286, -5.460337, -8.308748, -3.872046
-0.326197, 0.119040, 0.097414, -5.183517, -8.409769, -3.954714
-0.331380, 0.110630, 0.093459, -4.904616, -8.502879, -4.033372
-0.336285, 0.102127, 0.089426, -4.623929, -8.588121, -4.108013
-0.340909, 0.093539, 0.085318, -4.341742, -8.665548, -4.178634
-0.345251, 0.084873, 0.081139, -4.058333, -8.735219, -4.245239
-0.349309, 0.076138, 0.076894, -3.773976, -8.797200, -4.307835
-0.353083, 0.067341, 0.072586, -3.488933, -8.851564, -4.366434
-0.356572, 0.058489, 0.068219, -3.203461, -8.898391, -4.421050
-0.359775, 0.049591, 0.063798, -2.917809, -8.937765, -4.471705
-0.362693, 0.040653, 0.059327, -2.632218, -8.969776, -4.518420
-0.365325, 0.031684, 0.054808, -2.346921, -8.994519, -4.561222
-0.367672, 0.022689, 0.050247, -2.062143, -9.012092, -4.600140
-0.369735, 0.013677, 0.045647, -1.778101, -9.022599, -4.635207
-0.371513, 0.004654, 0.041012, -1.495007, -9.026146, -4.666459
-0.373008, -0.004372, 0.036345, -1.213062, -9.022842, -4.693931
-0.374221, -0.013395, 0.031651, -0.932460, -9.012798, -4.717664
-0.375153, -0.022407, 0.026934, -0.653390, -8.996129, -4.737699
-0.375807, -0.031404, 0.022196, -0.376032, -8.972952, -4.754081
-0.376183, -0.040377, 0.017442, -0.100559, -8.943385, -4.766853
-0.376283, -0.049320, 0.012675, 0.172863, -8.907547, -4.776064
-0.376110, -0.058227, 0.007899, 0.444075, -8.865560, -4.781759
-0.375666, -0.067093, 0.003117, 0.712922, -8.817544, -4.783990
-0.374953, -0.075911, -0.001667, 0.979260, -8.763623, -4.782806
-0.373974, -0.084674, -0.006450, 1.242947, -8.703920, -4.778259
-0.372731, -0.093378, -0.011228, 1.503850, -8.638558, -4.770400
-0.371227, -0.102017, -0.015998, 1.761840, -8.567660, -4.759281
-0.369465, -0.110584, -0.020758, 2.016794, -8.491350, -4.744957
-0.367449, -0.119076, -0.025502, 2.268595, -8.409751, -4.727481
-0.365180, -0.127485, -0.030230, 2.517132, -8.322986, -4.706907
-0.362663, -0.135808, -0.034937, 2.762298, -8.231177, -4.683289
-0.359901, -0.144040, -0.039620, 3.003990, -8.134447, -4.656682
-0.356897, -0.152174, -0.044277, 3.242112, -8.032916, -4.627141
-0.353654, -0.160207, -0.048904, 3.476570, -7.926706, -4.594720
-0.350178, -0.168134, -0.053499, 3.707277, -7.815935, -4.559473
-0.346471, -0.175950, -0.058058, 3.934149, -7.700722, -4.521456
-0.342536, -0.183650, -0.062580, 4.157104, -7.581184, -4.480723
-0.338379, -0.191231, -0.067060, 4.376068, -7.457439, -4.437329
-0.334003, -0.198689, -0.071498, 4.590966, -7.329602, -4.391327
-0.329412, -0.206019, -0.075889, 4.801731, -7.197788, -4.342772
-0.324611, -0.213216, -0.080232, 5.008295, -7.062109, -4.291717
-0.319602, -0.220278, -0.084523, 5.210597, -6.922677, -4.238215
-0.314392, -0.227201, -0.088762, 5.408575, -6.779604, -4.182320
-0.308983, -0.233981, -0.092944, 5.602175, -6.632999, -4.124084
-0.303381, -0.240614, -0.097068, 5.791340, -6.482970, -4.063560
-0.297590, -0.247097, -0.101132, 5.976020, -6.329625, -4.000799
-0.291614, -0.253426, -0.105132, 6.156166, -6.173070, -3.935853
-0.285457, -0.259599, -0.109068, 6.331730, -6.013410, -3.868773
-0.279126, -0.265613, -0.112937, 6.502667, -5.850748, -3.799610
-0.272623, -0.271464, -0.116737, 6.668935, -5.685187, -3.728414
-0.265954, -0.277149, -0.120465, 6.830494, -5.516828, -3.655236
-0.259124, -0.282666, -0.124120, 6.987304, -5.345771, -3.580124
-0.252136, -0.288011, -0.127700, 7.139328, -5.172116, -3.503127
-0.244997, -0.293183, -0.131204, 7.286531, -4.995961, -3.424296
-0.237710, -0.298179, -0.134628, 7.428879, -4.817403, -3.343677
-0.230282, -0.302997, -0.137972, 7.566338, -4.636538, -3.261319
-0.222715, -0.307633, -0.141233, 7.698879, -4.453462, -3.177269
-0.215016, -0.312087, -0.144410, 7.826471, -4.268268, -3.091576
-0.207190, -0.316355, -0.147502, 7.949085, -4.081050, -3.004285
-0.199241, -0.320436, -0.150506, 8.066694, -3.891901, -2.915443
-0.191174, -0.324328, -0.153421, 8.179271, -3.700913, -2.825097
-0.182995, -0.328029, -0.156247, 8.286792, -3.508177, -2.733293
-0.174708, -0.331537, -0.158980, 8.389230, -3.313783, -2.640076
-0.166319, -0.334851, -0.161620, 8.486563, -3.117821, -2.545493
-0.157832, -0.337969, -0.164165, 8.578768, -2.920381, -2.449588
-0.149253, -0.340889, -0.166615, 8.665823, -2.721552, -2.352407
-0.140588, -0.343611, -0.168967, 8.747706, -2.521421, -2.253995
-0.131840, -0.346132, -0.171221, 8.824397, -2.320078, -2.154396
-0.123016, -0.348452, -0.173376, 8.895875, -2.117609, -2.053656
-0.114120, -0.350570, -0.175429, 8.962122, -1.914102, -1.951819
-0.105158, -0.352484, -0.177381, 9.023119, -1.709644, -1.848929
-0.096134, -0.354194, -0.179230, 9.078847, -1.504323, -1.745031
-0.087056, -0.355698, -0.180975, 9.129288, -1.298224, -1.640170
-0.077926, -0.356996, -0.182615, 9.174427, -1.091435, -1.534391
-0.068752, -0.358087, -0.184150, 9.214246, -0.884043, -1.427738
-0.059538, -0.358972, -0.185578, 9.248729, -0.676134, -1.320255
-0.050289, -0.359648, -0.186898, 9.277860, -0.467795, -1.211988
-0.041011, -0.360115, -0.188110, 9.301626, -0.259114, -1.102981
-0.031709, -0.360375, -0.189213, 9.320010, -0.050178, -0.993280
-0.022389, -0.360425, -0.190206, 9.332999, 0.158926, -0.882930
-0.013056, -0.360266, -0.191089, 9.340580, 0.368109, -0.771977
-0.003716, -0.359898, -0.191861, 9.342740, 0.577283, -0.660467
0.005627, -0.359320, -0.192521, 9.339466, 0.786359, -0.548445
0.014966, -0.358534, -0.193070, 9.330746, 0.995248, -0.435959
0.024297, -0.357539, -0.193506, 9.316570, 1.203859, -0.323056
0.033614, -0.356335, -0.193829, 9.296926, 1.412102, -0.209781
0.042911, -0.354923, -0.194039, 9.271804, 1.619886, -0.096185
0.052182, -0.353303, -0.194135, 9.241197, 1.827118, 0.017687
0.061424, -0.351476, -0.194117, 9.205093, 2.033706, 0.131783
0.070629, -0.349442, -0.193985, 9.163487, 2.239556, 0.246056
0.079792, -0.347203, -0.193739, 9.116372, 2.444573, 0.360456
0.088909, -0.344758, -0.193379, 9.063740, 2.648661, 0.474931
0.097972, -0.342109, -0.192904, 9.005587, 2.851724, 0.589432
0.106978, -0.339258, -0.192315, 8.941910, 3.053664, 0.703905
0.115920, -0.336204, -0.191611, 8.872704, 3.254382, 0.818299
0.124793, -0.332950, -0.190792, 8.797968, 3.453779, 0.932561
0.133590, -0.329496, -0.189860, 8.717702, 3.651752, 1.046635
0.142308, -0.325844, -0.188813, 8.631906, 3.848200, 1.160469
0.150940, -0.321996, -0.187653, 8.540582, 4.043019, 1.274005
0.159481, -0.317953, -0.186379, 8.443734, 4.236103, 1.387188
0.167924, -0.313717, -0.184991, 8.341366, 4.427346, 1.499960
0.176266, -0.309289, -0.183491, 8.233486, 4.616641, 1.612263
0.184499, -0.304673, -0.181879, 8.120101, 4.803879, 1.724037
0.192619, -0.299869, -0.180155, 8.001223, 4.988947, 1.835222
0.200621, -0.294880, -0.178320, 7.876864, 5.171736, 1.945758
0.208497, -0.289708, -0.176374, 7.747038, 5.352129, 2.055582
0.216244, -0.284356, -0.174319, 7.611762, 5.530014, 2.164630
0.223856, -0.278826, -0.172154, 7.471056, 5.705272, 2.272839
0.231327, -0.273121, -0.169881, 7.324940, 5.877786, 2.380142
0.238652, -0.267243, -0.167501, 7.173440, 6.047436, 2.486475
0.245826, -0.261196, -0.165015, 7.016582, 6.214101, 2.591768
0.252842, -0.254981, -0.162423, 6.854397, 6.377658, 2.695954
0.259697, -0.248604, -0.159727, 6.686919, 6.537983, 2.798962
0.266384, -0.242066, -0.156928, 6.514182, 6.694951, 2.900722
0.272898, -0.235371, -0.154027, 6.336228, 6.848434, 3.001161
0.279234, -0.228522, -0.151026, 6.153101, 6.998304, 3.100207
0.285387, -0.221524, -0.147926, 5.964847, 7.144431, 3.197786
0.291352, -0.214380, -0.144728, 5.771518, 7.286684, 3.293821
0.297123, -0.207093, -0.141434, 5.573169, 7.424932, 3.388237
0.302697, -0.199668, -0.138046, 5.369861, 7.559040, 3.480956
0.308066, -0.192109, -0.134565, 5.161659, 7.688874, 3.571900
0.313228, -0.184420, -0.130993, 4.948630, 7.814299, 3.660990
0.318177, -0.176606, -0.127332, 4.730851, 7.935179, 3.748144
0.322908, -0.168671, -0.123584, 4.508399, 8.051377, 3.833281
0.327416, -0.160619, -0.119751, 4.281359, 8.162755, 3.916319
0.331697, -0.152457, -0.115834, 4.049822, 8.269175, 3.997176
0.335747, -0.144187, -0.111837, 3.813883, 8.370500, 4.075767
0.339561, -0.135817, -0.107761, 3.573645, 8.466590, 4.152008
0.343135, -0.127350, -0.103609, 3.329214, 8.557307, 4.225814
0.346464, -0.118793, -0.099384, 3.080707, 8.642514, 4.297098
0.349545, -0.110150, -0.095086, 2.828242, 8.722072, 4.365776
0.352373, -0.101428, -0.090721, 2.571948, 8.795844, 4.431761
0.354945, -0.092633, -0.086289, 2.311959, 8.863696, 4.494965
0.357257, -0.083769, -0.081794, 2.048417, 8.925491, 4.555303
0.359305, -0.074843, -0.077239, 1.781469, 8.981096, 4.612688
0.361087, -0.065862, -0.072626, 1.511272, 9.030380, 4.667033
0.362598, -0.056832, -0.067959, 1.237990, 9.073213, 4.718253
0.363836, -0.047759, -0.063241, 0.961792, 9.109468, 4.766260
0.364798, -0.038649, -0.058474, 0.682860, 9.139020, 4.810971
0.365481, -0.029510, -0.053663, 0.401377, 9.161748, 4.852301
0.365882, -0.020348, -0.048811, 0.117541, 9.177533, 4.890167
0.366000, -0.011171, -0.043921, -0.168448, 9.186262, 4.924486
0.365831, -0.001985, -0.038996, -0.456377, 9.187824, 4.955179
0.365375, 0.007203, -0.034041, -0.746030, 9.182114, 4.982165
0.364629, 0.016385, -0.029059, -1.037178, 9.169030, 5.005368
0.363591, 0.025554, -0.024054, -1.329587, 9.148479, 5.024713
0.362262, 0.034703, -0.019029, -1.623014, 9.120370, 5.040126
0.360639, 0.043823, -0.013989, -1.917208, 9.084621, 5.051538
0.358722, 0.052908, -0.008937, -2.211912, 9.041155, 5.058880
0.356510, 0.061949, -0.003879, -2.506859, 8.989904, 5.062089
0.354003, 0.070939, 0.001184, -2.801775, 8.930805, 5.061103
0.351201, 0.079870, 0.006245, -3.096380, 8.863807, 5.055865
0.348105, 0.088733, 0.011301, -3.390386, 8.788863, 5.046320
0.344714, 0.097522, 0.016347, -3.683499, 8.705939, 5.032420
0.341031, 0.106228, 0.021379, -3.975419, 8.615009, 5.014120
0.337055, 0.114843, 0.026393, -4.265837, 8.516056, 4.991379
0.332790, 0.123359, 0.031385, -4.554443, 8.409075, 4.964161
0.328235, 0.131768, 0.036349, -4.840919, 8.294070, 4.932436
0.323394, 0.140062, 0.041281, -5.124943, 8.171059, 4.896180
0.318269, 0.148234, 0.046178, -5.406190, 8.040069, 4.855374
0.312863, 0.156274, 0.051033, -5.684330, 7.901139, 4.810005
0.307179, 0.164175, 0.055843, -5.959031, 7.754323, 4.760067
0.301220, 0.171929, 0.060603, -6.229958, 7.599684, 4.705558
0.294990, 0.179529, 0.065309, -6.496775, 7.437300, 4.646487
0.288493, 0.186966, 0.069955, -6.759147, 7.267263, 4.582866
0.281734, 0.194233, 0.074538, -7.016736, 7.089676, 4.514716
0.274717, 0.201323, 0.079053, -7.269206, 6.904656, 4.442065
0.267448, 0.208228, 0.083495, -7.516223, 6.712336, 4.364949
0.259932, 0.214940, 0.087860, -7.757455, 6.512859, 4.283410
0.252174, 0.221453, 0.092143, -7.992574, 6.306384, 4.197499
0.244182, 0.227759, 0.096341, -8.221255, 6.093083, 4.107274
0.235960, 0.233852, 0.100448, -8.443179, 5.873141, 4.012802
0.227517, 0.239725, 0.104461, -8.658032, 5.646759, 3.914155
0.218859, 0.245372, 0.108375, -8.865509, 5.414149, 3.811417
0.209994, 0.250786, 0.112186, -9.065310, 5.175535, 3.704676
0.200928, 0.255962, 0.115891, -9.257146, 4.931155, 3.594029
0.191671, 0.260893, 0.119485, -9.440736, 4.681262, 3.479582
0.182231, 0.265574, 0.122964, -9.615811, 4.426115, 3.361446
0.172615, 0.270000, 0.126326, -9.782113, 4.165990, 3.239740
0.162833, 0.274166, 0.129566, -9.939393, 3.901172, 3.114592
0.152893, 0.278068, 0.132680, -10.087421, 3.631954, 2.986135
0.142806, 0.281700, 0.135666, -10.225974, 3.358643, 2.854508
0.132580, 0.285058, 0.138521, -10.354849, 3.081551, 2.719858
0.122225, 0.288140, 0.141241, -10.473854, 2.801001, 2.582338
0.111751, 0.290941, 0.143823, -10.582815, 2.517324, 2.442105
0.101168, 0.293458, 0.146265, -10.681574, 2.230855, 2.299324
0.090487, 0.295689, 0.148565, -10.769989, 1.941937, 2.154161
0.079717, 0.297631, 0.150719, -10.847935, 1.650917, 2.006791
0.068869, 0.299282, 0.152725, -10.915305, 1.358149, 1.857389
0.057953, 0.300640, 0.154583, -10.972010, 1.063986, 1.706136
0.046981, 0.301704, 0.156289, -11.017978, 0.768787, 1.553217
0.035963, 0.302473, 0.157842, -11.053157, 0.472912, 1.398817
0.024910, 0.302946, 0.159241, -11.077512, 0.176719, 1.243126
0.013833, 0.303122, 0.160484, -11.091027, -0.119432, 1.086333
0.002742, 0.303003, 0.161570, -11.093703, -0.415182, 0.928630
-0.008352, 0.302588, 0.162499, -11.085561, -0.710175, 0.770209
-0.019437, 0.301878, 0.163269, -11.066638, -1.004058, 0.611264
-0.030504, 0.300873, 0.163881, -11.036991, -1.296481, 0.451986
-0.041541, 0.299577, 0.164333, -10.996692, -1.587100, 0.292567
-0.052538, 0.297990, 0.164625, -10.945832, -1.875575, 0.133198
-0.063484, 0.296114, 0.164758, -10.884517, -2.161574, -0.025932
-0.074368, 0.293953, 0.164732, -10.812870, -2.444771, -0.184636
-0.085181, 0.291508, 0.164548, -10.731029, -2.724847, -0.342731
-0.095912, 0.288783, 0.164205, -10.639148, -3.001493, -0.500035
-0.106551, 0.285782, 0.163705, -10.537395, -3.274406, -0.656369
-0.117089, 0.282507, 0.163049, -10.425950, -3.543297, -0.811558
-0.127515, 0.278964, 0.162237, -10.305007, -3.807883, -0.965434
-0.137820, 0.275156, 0.161272, -10.174774, -4.067893, -1.117828
-0.147994, 0.271088, 0.160154, -10.035468, -4.323066, -1.268580
-0.158030, 0.266765, 0.158885, -9.887318, -4.573155, -1.417532
-0.167917, 0.262192, 0.157468, -9.730561, -4.817920, -1.564534
-0.177648, 0.257374, 0.155903, -9.565446, -5.057137, -1.709439
-0.187213, 0.252317, 0.154194, -9.392229, -5.290591, -1.852105
-0.196605, 0.247026, 0.152342, -9.211173, -5.518080, -1.992398
-0.205817, 0.241508, 0.150349, -9.022548, -5.739416, -2.130189
-0.214839, 0.235769, 0.148219, -8.826630, -5.954419, -2.265354
-0.223666, 0.229814, 0.145954, -8.623702, -6.162927, -2.397775
-0.232289, 0.223651, 0.143556, -8.414048, -6.364784, -2.527343
-0.240703, 0.217287, 0.141029, -8.197958, -6.559852, -2.653950
-0.248901, 0.210727, 0.138375, -7.975724, -6.748002, -2.777499
-0.256877, 0.203979, 0.135597, -7.747641, -6.929116, -2.897897
-0.264625, 0.197050, 0.132699, -7.514005, -7.103089, -3.015056
-0.272139, 0.189947, 0.129684, -7.275114, -7.269830, -3.128897
-0.279414, 0.182677, 0.126555, -7.031265, -7.429255, -3.239344
-0.286445, 0.175248, 0.123316, -6.782754, -7.581294, -3.346328
-0.293228, 0.167666, 0.119970, -6.529879, -7.725887, -3.449788
-0.299758, 0.159940, 0.116520, -6.272934, -7.862984, -3.549666
-0.306031, 0.152077, 0.112970, -6.012213, -7.992546, -3.645911
-0.312043, 0.144085, 0.109324, -5.748005, -8.114543, -3.738476
-0.317791, 0.135970, 0.105586, -5.480600, -8.228955, -3.827321
-0.323272, 0.127741, 0.101758, -5.210281, -8.335772, -3.912411
-0.328482, 0.119406, 0.097846, -4.937330, -8.434991, -3.993716
-0.333419, 0.110971, 0.093852, -4.662025, -8.526620, -4.071210
-0.338081, 0.102444, 0.089781, -4.384639, -8.610672, -4.144873
-0.342466, 0.093833, 0.085636, -4.105440, -8.687171, -4.214689
-0.346571, 0.085146, 0.081422, -3.824693, -8.756145, -4.280646
-0.350396, 0.076390, 0.077141, -3.542656, -8.817632, -4.342737
-0.353939, 0.067572, 0.072798, -3.259584, -8.871675, -4.400960
-0.357198, 0.058701, 0.068397, -2.975725, -8.918323, -4.455314
-0.360174, 0.049782, 0.063942, -2.691323, -8.957633, -4.505804
-0.362865, 0.040825, 0.059436, -2.406615, -8.989664, -4.552438
-0.365272, 0.031835, 0.054884, -2.121834, -9.014484, -4.595228
-0.367394, 0.022821, 0.050288, -1.837206, -9.032164, -4.634187
-0.369231, 0.013788, 0.045654, -1.552951, -9.042779, -4.669334
-0.370784, 0.004746, 0.040985, -1.269285, -9.046409, -4.700690
-0.372053, -0.004301, 0.036284, -0.986415, -9.043139, -4.728276
-0.373040, -0.013344, 0.031556, -0.704547, -9.033057, -4.752120
-0.373744, -0.022377, 0.026804, -0.423876, -9.016252, -4.772249
-0.374168, -0.031393, 0.022032, -0.144594, -8.992820, -4.788693
-0.374313, -0.040386, 0.017243, 0.133112, -8.962857, -4.801486
-0.374179, -0.049349, 0.012441, 0.409063, -8.926463, -4.810661
-0.373770, -0.058275, 0.007631, 0.683084, -8.883740, -4.816256
-0.373087, -0.067159, 0.002814, 0.955006, -8.834791, -4.818307
-0.372132, -0.075994, -0.002004, 1.224665, -8.779724, -4.816855
-0.370908, -0.084774, -0.006821, 1.491904, -8.718644, -4.811941
-0.369416, -0.093492, -0.011633, 1.756570, -8.651662, -4.803606
-0.367659, -0.102144, -0.016436, 2.018514, -8.578888, -4.791896
-0.365641, -0.110723, -0.021228, 2.277595, -8.500434, -4.776855
-0.363363, -0.119223, -0.026005, 2.533674, -8.416411, -4.758528
-0.360829, -0.127640, -0.030764, 2.786619, -8.326935, -4.736962
-0.358043, -0.135967, -0.035500, 3.036302, -8.232118, -4.712206
-0.355006, -0.144199, -0.040213, 3.282599, -8.132075, -4.684307
-0.351724, -0.152331, -0.044897, 3.525392, -8.026922, -4.653315
-0.348198, -0.160358, -0.049550, 3.764565, -7.916774, -4.619279
-0.344434, -0.168275, -0.054170, 4.000009, -7.801747, -4.582251
-0.340434, -0.176076, -0.058752, 4.231617, -7.681957, -4.542280
-0.336202, -0.183758, -0.063294, 4.459287, -7.557519, -4.499418
-0.331743, -0.191316, -0.067794, 4.682921, -7.428550, -4.453717
-0.327060, -0.198744, -0.072247, 4.902423, -7.295165, -4.405230
-0.322158, -0.206039, -0.076652, 5.117704, -7.157480, -4.354007
-0.317040, -0.213197, -0.081006, 5.328674, -7.015610, -4.300102
-0.311711, -0.220213, -0.085307, 5.535252, -6.869671, -4.243568
-0.306176, -0.227082, -0.089550, 5.737354, -6.719777, -4.184457
-0.300439, -0.233802, -0.093735, 5.934905, -6.566043, -4.122823
-0.294504, -0.240368, -0.097857, 6.127828, -6.408583, -4.058718
-0.288376, -0.246777, -0.101916, 6.316053, -6.247510, -3.992197
-0.282060, -0.253024, -0.105908, 6.499510, -6.082938, -3.923312
-0.275560, -0.259107, -0.109832, 6.678133, -5.914980, -3.852117
-0.268882, -0.265022, -0.113684, 6.851860, -5.743748, -3.778665
-0.262030, -0.270766, -0.117462, 7.020628, -5.569354, -3.703010
-0.255010, -0.276335, -0.121165, 7.184379, -5.391908, -3.625205
-0.247825, -0.281727, -0.124791, 7.343057, -5.211523, -3.545304
-0.240482, -0.286939, -0.128336, 7.496609, -5.028309, -3.463360
-0.232986, -0.291967, -0.131799, 7.644981, -4.842376, -3.379426
-0.225341, -0.296809, -0.135179, 7.788125, -4.653833, -3.293556
-0.217553, -0.301463, -0.138472, 7.925993, -4.462789, -3.205803
-0.209627, -0.305926, -0.141678, 8.058539, -4.269353, -3.116221
-0.201568, -0.310195, -0.144794, 8.185719, -4.073634, -3.024862
-0.193382, -0.314269, -0.147819, 8.307491, -3.875740, -2.931780
-0.185075, -0.318145, -0.150751, 8.423816, -3.675777, -2.837029
-0.176651, -0.321820, -0.153588, 8.534654, -3.473854, -2.740662
-0.168116, -0.325294, -0.156329, 8.639968, -3.270077, -2.642732
-0.159476, -0.328564, -0.158971, 8.739724, -3.064554, -2.543292
-0.150737, -0.331629, -0.161515, 8.833887, -2.857390, -2.442396
-0.141903, -0.334486, -0.163957, 8.922425, -2.648692, -2.340097
-0.132980, -0.337135, -0.166297, 9.005308, -2.438565, -2.236449
-0.123975, -0.339574, -0.168534, 9.082506, -2.227117, -2.131505
-0.114893, -0.341801, -0.170665, 9.153991, -2.014453, -2.025320
-0.105739, -0.343815, -0.172690, 9.219736, -1.800678, -1.917945
-0.096519, -0.345616, -0.174608, 9.279716, -1.585899, -1.809437
-0.087239, -0.347202, -0.176418, 9.333908, -1.370222, -1.699848
-0.077905, -0.348572, -0.178118, 9.382289, -1.153752, -1.589234
-0.068523, -0.349726, -0.179707, 9.424837, -0.936595, -1.477647
-0.059098, -0.350662, -0.181185, 9.461533, -0.718857, -1.365144
-0.049637, -0.351381, -0.182550, 9.492358, -0.500645, -1.251778
-0.040144, -0.351882, -0.183801, 9.517295, -0.282066, -1.137606
-0.030627, -0.352164, -0.184939, 9.536327, -0.063226, -1.022682
-0.021091, -0.352227, -0.185962, 9.549439, 0.155768, -0.907062
-0.011541, -0.352071, -0.186869, 9.556620, 0.374809, -0.790802
-0.001984, -0.351696, -0.187660, 9.557855, 0.593787, -0.673958
0.007573, -0.351103, -0.188334, 9.553136, 0.812596, -0.556588
0.017126, -0.350290, -0.188890, 9.542451, 1.031127, -0.438748
0.026669, -0.349259, -0.189329, 9.525794, 1.249269, -0.320495
0.036195, -0.348010, -0.189649, 9.503158, 1.466914, -0.201889
0.045698, -0.346543, -0.189851, 9.474538, 1.683952, -0.082986
0.055172, -0.344859, -0.189934, 9.439930, 1.900270, 0.036153
0.064612, -0.342959, -0.189898, 9.399332, 2.115758, 0.155471
0.074012, -0.340843, -0.189743, 9.352745, 2.330304, 0.274905
0.083364, -0.338513, -0.189468, 9.300170, 2.543794, 0.394397
0.092665, -0.335969, -0.189073, 9.241609, 2.756115, 0.513885
0.101906, -0.333213, -0.188559, 9.177067, 2.967152, 0.633307
0.111083, -0.330245, -0.187926, 9.106552, 3.176790, 0.752602
0.120190, -0.327069, -0.187174, 9.030072, 3.384914, 0.871706
0.129220, -0.323684, -0.186302, 8.947637, 3.591406, 0.990556
0.138168, -0.320092, -0.185311, 8.859260, 3.796148, 1.109088
0.147027, -0.316296, -0.184202, 8.764956, 3.999023, 1.227237
0.155792, -0.312297, -0.182975, 8.664742, 4.199910, 1.344937
0.164457, -0.308097, -0.181630, 8.558637, 4.398690, 1.462122
0.173015, -0.303699, -0.180168, 8.446663, 4.595241, 1.578725
0.181462, -0.299103, -0.178589, 8.328844, 4.789442, 1.694679
0.189791, -0.294314, -0.176895, 8.205207, 4.981169, 1.809915
0.197996, -0.289333, -0.175085, 8.075782, 5.170299, 1.924363
0.206072, -0.284162, -0.173160, 7.940601, 5.356707, 2.037955
0.214012, -0.278806, -0.171122, 7.799699, 5.540268, 2.150619
0.221812, -0.273265, -0.168972, 7.653114, 5.720856, 2.262284
0.229465, -0.267545, -0.166709, 7.500888, 5.898344, 2.372878
0.236966, -0.261646, -0.164337, 7.343066, 6.072603, 2.482328
0.244309, -0.255574, -0.161854, 7.179696, 6.243506, 2.590560
0.251489, -0.249330, -0.159264, 7.010830, 6.410923, 2.697501
0.258500, -0.242919, -0.156566, 6.836522, 6.574725, 2.803074
0.265336, -0.236344, -0.153763, 6.656832, 6.734781, 2.907205
0.271993, -0.229610, -0.150856, 6.471823, 6.890961, 3.009817
0.278465, -0.222719, -0.147846, 6.281561, 7.043134, 3.110833
0.284746, -0.215676, -0.144735, 6.086119, 7.191168, 3.210175
0.290832, -0.208484, -0.141525, 5.885572, 7.334931, 3.307766
0.296718, -0.201150, -0.138217, 5.680000, 7.474292, 3.403526
0.302398, -0.193675, -0.134814, 5.469486, 7.609118, 3.497376
0.307867, -0.186066, -0.131316, 5.254122, 7.739278, 3.589236
0.313122, -0.178327, -0.127727, 5.034000, 7.864640, 3.679028
0.318156, -0.170462, -0.124048, 4.809220, 7.985073, 3.766669
0.322965, -0.162477, -0.120281, 4.579886, 8.100447, 3.852079
0.327545, -0.154377, -0.116429, 4.346109, 8.210629, 3.935178
0.331891, -0.146166, -0.112494, 4.108002, 8.315493, 4.015884
0.335999, -0.137851, -0.108478, 3.865687, 8.414907, 4.094116
0.339864, -0.129436, -0.104384, 3.619289, 8.508747, 4.169794
0.343484, -0.120927, -0.100214, 3.368941, 8.596884, 4.242835
0.346853, -0.112330, -0.095972, 3.114779, 8.679196, 4.313159
0.349967, -0.103651, -0.091658, 2.856949, 8.755558, 4.380687
0.352824, -0.094895, -0.087278, 2.595599, 8.825851, 4.445336
0.355420, -0.086069, -0.082832, 2.330885, 8.889954, 4.507029
0.357751, -0.077179, -0.078325, 2.062970, 8.947753, 4.565686
0.359814, -0.068232, -0.073760, 1.792022, 8.999133, 4.621229
0.361606, -0.059233, -0.069138, 1.518215, 9.043984, 4.673580
0.363124, -0.050189, -0.064465, 1.241731, 9.082197, 4.722664
0.364366, -0.041106, -0.059742, 0.962757, 9.113670, 4.768405
0.365329, -0.031993, -0.054974, 0.681487, 9.138302, 4.810730
0.366010, -0.022854, -0.050163, 0.398120, 9.155996, 4.849566
0.366408, -0.013698, -0.045313, 0.112864, 9.166660, 4.884844
0.366521, -0.004532, -0.040429, -0.174068, 9.170208, 4.916493
0.366347, 0.004638, -0.035512, -0.462457, 9.166556, 4.944449
0.365885, 0.013805, -0.030568, -0.752077, 9.155629, 4.968645
0.365132, 0.022961, -0.025599, -1.042698, 9.137354, 4.989020
0.364090, 0.032098, -0.020610, -1.334081, 9.111666, 5.005514
0.362756, 0.041210, -0.015605, -1.625983, 9.078505, 5.018071
0.361130, 0.050288, -0.010586, -1.918155, 9.037819, 5.026636
0.359212, 0.059326, -0.005560, -2.210341, 8.989563, 5.031158
0.357001, 0.068316, -0.000529, -2.502282, 8.933697, 5.031591
0.354499, 0.077249, 0.004503, -2.793713, 8.870191, 5.027889
0.351705, 0.086119, 0.009531, -3.084364, 8.799022, 5.020012
0.348621, 0.094918, 0.014551, -3.373960, 8.720174, 5.007925
0.345247, 0.103639, 0.019559, -3.662223, 8.633641, 4.991595
0.341585, 0.112272, 0.024550, -3.948870, 8.539426, 4.970993
0.337636, 0.120812, 0.029521, -4.233614, 8.437540, 4.946096
0.333402, 0.129249, 0.034467, -4.516167, 8.328003, 4.916885
0.328886, 0.137577, 0.039384, -4.796237, 8.210846, 4.883347
0.324090, 0.145788, 0.044268, -5.073529, 8.086109, 4.845471
0.319016, 0.153874, 0.049113, -5.347747, 7.953843, 4.803255
0.313669, 0.161828, 0.053916, -5.618595, 7.814107, 4.756699
0.308050, 0.169642, 0.058673, -5.885773, 7.666973, 4.705810
0.302164, 0.177309, 0.063379, -6.148984, 7.512522, 4.650602
0.296015, 0.184822, 0.068030, -6.407929, 7.350845, 4.591092
