x	y	z	Velocidad				x'	y'
21.25332	-19.49023	-8.50658	0.803253	0.761453	0.291635		-26.928892	-15.945242
21.654946	-19.109504	-8.360763	0.787525	0.775332	0.297707		-26.6887351	-15.9399941
22.048709	-18.721837	-8.211909	0.771512	0.788928	0.303671		-26.43888515	-15.92895715
22.434465	-18.327373	-8.060073	0.755222	0.802237	0.309524		-26.17943575	-15.91213575
22.812076	-17.926255	-7.905312	0.73866	0.815252	0.315263		-25.9104816	-15.8895386
23.181406	-17.518629	-7.74768	0.721831	0.827969	0.320888		-25.6321211	-15.8611721
23.542322	-17.104644	-7.587236	0.704743	0.840385	0.326395		-25.3444567	-15.8270487
23.894693	-16.684452	-7.424039	0.6874	0.852494	0.331783		-25.04759455	-15.78718155
24.238393	-16.258205	-7.258147	0.66981	0.864293	0.33705		-24.74164255	-15.74158455
24.573298	-15.826058	-7.089622	0.65198	0.875777	0.342195		-24.4267123	-15.6902763
24.899288	-15.38817	-6.918524	0.633914	0.886941	0.347215		-24.1029208	-15.6332748
25.216245	-14.944699	-6.744917	0.61562	0.897783	0.352108		-23.77038475	-15.57060275
25.524055	-14.495808	-6.568863	0.597105	0.908299	0.356873		-23.42922725	-15.50228225
25.822608	-14.041658	-6.390427	0.578376	0.918483	0.361508		-23.0795708	-15.4283398
26.111796	-13.582417	-6.209673	0.559438	0.928334	0.366012		-22.7215456	-15.3488016
26.391515	-13.11825	-6.026667	0.540299	0.937847	0.370382		-22.35528025	-15.26369725
26.661664	-12.649326	-5.841476	0.520966	0.94702	0.374618		-21.9809084	-15.1730584
26.922147	-12.175816	-5.654167	0.501446	0.955848	0.378717		-21.59856745	-15.07691845
27.17287	-11.697892	-5.464809	0.481745	0.964329	0.382679		-21.2083965	-14.9753135
27.413742	-11.215728	-5.273469	0.461872	0.97246	0.386502		-20.8105377	-14.8682787
27.644678	-10.729498	-5.080218	0.441832	0.980237	0.390185		-20.4051353	-14.7558553
27.865594	-10.239379	-4.885125	0.421634	0.987659	0.393726		-19.9923369	-14.6380829
28.076411	-9.74555	-4.688262	0.401285	0.994723	0.397124		-19.57229385	-14.51500585
28.277054	-9.248188	-4.4897	0.380791	1.001425	0.400378		-19.1451569	-14.3866689
28.467449	-8.747476	-4.289511	0.360161	1.007765	0.403486		-18.71108315	-14.25311815
28.647529	-8.243593	-4.087768	0.339401	1.013738	0.406449		-18.27022815	-14.11440315
28.81723	-7.736724	-3.884544	0.31852	1.019345	0.409263		-17.8227545	-13.9705745
28.97649	-7.227052	-3.679912	0.297524	1.024581	0.41193		-17.3688235	-13.8216835
29.125252	-6.714761	-3.473947	0.276422	1.029446	0.414447		-16.9085992	-13.6677852
29.263463	-6.200038	-3.266723	0.25522	1.033938	0.416814		-16.44225005	-13.50893505
29.391073	-5.683069	-3.058317	0.233927	1.038055	0.419029		-15.96994455	-13.34519255
29.508036	-5.164041	-2.848802	0.21255	1.041797	0.421093		-15.4918536	-13.1766146
29.614311	-4.643143	-2.638255	0.191097	1.04516	0.423004		-15.00815185	-13.00326385
29.70986	-4.120563	-2.426753	0.169575	1.048145	0.424762		-14.519014	-12.825204
29.794647	-3.59649	-2.214372	0.147992	1.05075	0.426366		-14.02461645	-12.64249845
29.868643	-3.071115	-2.001189	0.126357	1.052975	0.427816		-13.52514005	-12.45521405
29.931821	-2.544628	-1.787281	0.104676	1.054818	0.429111		-13.02076535	-12.26341835
29.984159	-2.017219	-1.572726	0.082957	1.056279	0.43025		-12.51167465	-12.06718165
30.025638	-1.489079	-1.357601	0.061209	1.057358	0.431233		-11.9980523	-11.8665743
30.056242	-0.9604	-1.141984	0.039439	1.058053	0.43206		-11.4800847	-11.6616687
30.075962	-0.431374	-0.925954	0.017655	1.058366	0.432731		-10.9579607	-11.4525407
30.084789	0.097809	-0.709589	-0.004136	1.058295	0.433245		-10.43186715	-11.23926515
30.082721	0.626957	-0.492966	-0.025925	1.057841	0.433602		-9.90199535	-11.02191835
30.069759	1.155877	-0.276166	-0.047704	1.057004	0.433802		-9.36853865	-10.80058165
30.045907	1.684379	-0.059265	-0.069467	1.055784	0.433845		-8.83168845	-10.57533245
30.011173	2.212271	0.157658	-0.091204	1.054181	0.433731		-8.29163955	-10.34625255
29.965571	2.739361	0.374523	-0.112909	1.052197	0.433459		-7.74858885	-10.11342685
29.909116	3.26546	0.591253	-0.134573	1.049832	0.433031		-7.2027306	-9.8769376
29.84183	3.790376	0.807768	-0.156189	1.047086	0.432446		-6.6542645	-9.6368725
29.763735	4.313919	1.023991	-0.177749	1.043961	0.431704		-6.10338825	-9.39331625
29.67486	4.8359	1.239843	-0.199245	1.040458	0.430806		-5.550301	-9.146358
29.575238	5.356129	1.455246	-0.22067	1.036578	0.429752		-4.9952043	-8.8960873
29.464903	5.874418	1.670122	-0.242015	1.032323	0.428542		-4.43829805	-8.64259405
29.343896	6.390579	1.884393	-0.263273	1.027693	0.427177		-3.8797846	-8.3859706
29.212259	6.904426	2.097982	-0.284437	1.022691	0.425657		-3.31986465	-8.12630865
29.07004	7.415771	2.31081	-0.305499	1.017318	0.423983		-2.758743	-7.863704
28.917291	7.92443	2.522802	-0.326451	1.011576	0.422155		-2.19662185	-7.59824985
28.754065	8.430219	2.733879	-0.347286	1.005468	0.420174		-1.63370375	-7.33004375
28.580423	8.932953	2.943966	-0.367996	0.998995	0.418041		-1.07019505	-7.05918205
28.396425	9.43245	3.152986	-0.388574	0.99216	0.415756		-0.50629875	-6.78576275
28.202138	9.92853	3.360864	-0.409012	0.984964	0.41332		0.0577817	-6.5098843
27.997632	10.421012	3.567524	-0.429303	0.977412	0.410735		0.6218408	-6.2316472
27.78298	10.909718	3.772891	-0.44944	0.969504	0.408		1.185675	-5.951152
27.55826	11.39447	3.976891	-0.469416	0.961245	0.405117		1.749079	-5.6685
27.323552	11.875092	4.17945	-0.489223	0.952637	0.402088		2.3118488	-5.3837932
27.07894	12.351411	4.380494	-0.508854	0.943682	0.398912		2.873782	-5.097135
26.824513	12.823252	4.57995	-0.528302	0.934385	0.395591		3.43467245	-4.80862955
26.560362	13.290445	4.777745	-0.54756	0.924749	0.392127		3.9943183	-4.5183817
26.286582	13.752819	4.973809	-0.566622	0.914776	0.38852		4.5525153	-4.2264947
26.003271	14.210207	5.168069	-0.585479	0.904471	0.384773		5.10906215	-3.93307585
25.710532	14.662443	5.360456	-0.604126	0.893837	0.380885		5.6637568	-3.6382302
25.408469	15.109361	5.550898	-0.622555	0.882878	0.376859		6.21639685	-3.34206615
25.097191	15.5508	5.739327	-0.640761	0.871597	0.372695		6.76678315	-3.04468985
24.77681	15.986599	5.925675	-0.658736	0.859999	0.368396		7.3147155	-2.7462085
24.447443	16.416598	6.109873	-0.676473	0.848088	0.363964		7.85999295	-2.44673205
24.109206	16.840643	6.291855	-0.693967	0.835869	0.359398		8.4024209	-2.1463671
23.762222	17.258577	6.471554	-0.711212	0.823344	0.354702		8.9417993	-1.8452237
23.406616	17.670249	6.648905	-0.728199	0.81052	0.349876		9.4779334	-1.5434106
23.042517	18.075509	6.823843	-0.744925	0.797399	0.344923		10.01062805	-1.24103795
22.670054	18.474208	6.996304	-0.761382	0.783988	0.339844		10.5396891	-0.9382149
22.289363	18.866203	7.166227	-0.777565	0.770291	0.334641		11.06492595	-0.63505005
21.900581	19.251348	7.333547	-0.793467	0.756312	0.329316		11.58614465	-0.33165635
21.503847	19.629504	7.498205	-0.809083	0.742057	0.323871		12.10315755	-0.02814145
21.099306	20.000533	7.660141	-0.824407	0.727531	0.318308		12.6157759	0.2753839
20.687102	20.364299	7.819295	-0.839434	0.712739	0.312628		13.1238133	0.5788093
20.267386	20.720668	7.975609	-0.854157	0.697686	0.306834		13.6270829	0.8820239
19.840307	21.069511	8.129025	-0.868573	0.682378	0.300927		14.12540355	1.18491755
19.40602	21.4107	8.279489	-0.882674	0.666819	0.294911		14.618593	1.487382
18.964683	21.74411	8.426945	-0.896457	0.651016	0.288787		15.10647095	1.78930595
18.516455	22.069618	8.571338	-0.909916	0.634975	0.282556		15.58885875	2.09057875
18.061496	22.387105	8.712616	-0.923046	0.6187	0.276223		16.0655814	2.3910924
17.599973	22.696455	8.850728	-0.935843	0.602198	0.269788		16.53646445	2.69073745
17.132052	22.997554	8.985621	-0.948301	0.585475	0.263254		17.0013358	2.9894028
16.657902	23.290292	9.117248	-0.960416	0.568537	0.256623		17.4600263	3.2869823
16.177694	23.57456	9.24556	-0.972183	0.551389	0.249898		17.9123671	3.5833671
15.691602	23.850255	9.370508	-0.983598	0.534038	0.243081		18.3581943	3.8784473
15.199803	24.117274	9.492049	-0.994658	0.51649	0.236174		18.79734295	4.17211795
14.702474	24.375519	9.610136	-1.005357	0.498752	0.229181		19.2296531	4.4642701
14.199796	24.624895	9.724726	-1.015692	0.480829	0.222103		19.6549664	4.7547974
13.69195	24.86531	9.835778	-1.025659	0.462729	0.214943		20.0731275	5.0435955
13.17912	25.096674	9.94325	-1.035254	0.444457	0.207704		20.483982	5.330558
12.661493	25.318903	10.047101	-1.044474	0.426021	0.200388		20.88738045	5.61557845
12.139256	25.531913	10.147296	-1.053314	0.407426	0.192998		21.2831734	5.8985564
11.612599	25.735626	10.243794	-1.061773	0.388681	0.185536		21.67121635	6.17938435
11.081713	25.929966	10.336563	-1.069846	0.36979	0.178006		22.05136645	6.45796345
10.54679	26.114862	10.425566	-1.077531	0.350762	0.17041		22.4234855	6.7341895
10.008024	26.290242	10.51077	-1.084824	0.331603	0.16275		22.7874336	7.0079616
9.465612	26.456044	10.592145	-1.091724	0.312319	0.155029		23.1430798	7.2791808
8.91975	26.612204	10.66966	-1.098226	0.292919	0.147251		23.4902915	7.5477475
8.370637	26.758663	10.743285	-1.104329	0.273409	0.139418		23.82894005	7.81356205
7.818472	26.895368	10.812994	-1.110031	0.253796	0.131533		24.1589028	8.0765288
7.263457	27.022265	10.878761	-1.115329	0.234086	0.123598		24.48005505	8.33655105
6.705792	27.139309	10.94056	-1.120221	0.214289	0.115617		24.7922818	8.5935328
6.145682	27.246453	10.998368	-1.124705	0.194409	0.107592		25.0954643	8.8473793
5.58333	27.343658	11.052165	-1.128779	0.174455	0.099527		25.3894925	9.0979995
5.01894	27.430885	11.101928	-1.132442	0.154435	0.091424		25.674256	9.345299
4.452719	27.508102	11.14764	-1.135693	0.134354	0.083287		25.94965035	9.58918835
3.884873	27.575279	11.189284	-1.138529	0.114221	0.075117		26.21557345	9.82957845
3.315609	27.63239	11.226842	-1.14095	0.094042	0.066919		26.47192685	10.06637885
2.745133	27.679411	11.260302	-1.142955	0.073826	0.058695		26.71861445	10.29950545
2.173656	27.716324	11.289649	-1.144543	0.053579	0.050448		26.9555444	10.5288694
1.601384	27.743114	11.314873	-1.145713	0.03331	0.042181		27.1826296	10.7543886
1.028528	27.759768	11.335963	-1.146465	0.013024	0.033897		27.3997832	10.9759782
0.455296	27.76628	11.352912	-1.146797	-0.00727	0.025599		27.6069264	11.1935584
-0.118103	27.762646	11.365711	-1.146711	-0.027564	0.017291		27.80398205	11.40704705
-0.691458	27.748863	11.374357	-1.146205	-0.047852	0.008975		27.9908733	11.6163673
-1.264561	27.724937	11.378844	-1.145281	-0.068127	0.000654		28.16753335	11.82144035
-1.837202	27.690874	11.379171	-1.143937	-0.088379	-0.007669		28.3338947	12.0221917
-2.40917	27.646684	11.375337	-1.142175	-0.108603	-0.01599		28.4898935	12.2185465
-2.980257	27.592382	11.367342	-1.139994	-0.128791	-0.024307		28.63547195	12.41043195
-3.550254	27.527987	11.355188	-1.137396	-0.148935	-0.032616		28.7705759	12.5977769
-4.118953	27.453519	11.33888	-1.134382	-0.169028	-0.040915		28.89515255	12.78051355
-4.686143	27.369005	11.318423	-1.130951	-0.189063	-0.0492		29.00915505	12.95857305
-5.251619	27.274474	11.293823	-1.127106	-0.209032	-0.057469		29.11254065	13.13188965
-5.815172	27.169958	11.265088	-1.122848	-0.228927	-0.065718		29.2052682	13.3003982
-6.376596	27.055494	11.232229	-1.118178	-0.248743	-0.073944		29.2873026	13.4640376
-6.935685	26.931123	11.195257	-1.113097	-0.26847	-0.082145		29.35861275	13.62274675
-7.492234	26.796888	11.154184	-1.107608	-0.288103	-0.090317		29.4191699	13.7764659
-8.046038	26.652837	11.109026	-1.101712	-0.307633	-0.098458		29.4689503	13.9251393
-8.596894	26.49902	11.059797	-1.095412	-0.327054	-0.106563		29.5079329	14.0687099
-9.1446	26.335493	11.006515	-1.088709	-0.346358	-0.114631		29.536103	14.207125
-9.688954	26.162315	10.9492	-1.081606	-0.365538	-0.122658		29.5534489	14.3403339
-10.229757	25.979546	10.887871	-1.074105	-0.384587	-0.130642		29.55996095	14.46828595
-10.766809	25.787252	10.82255	-1.066209	-0.403499	-0.138578		29.55563515	14.59093315
-11.299914	25.585502	10.753261	-1.05792	-0.422265	-0.146466		29.5404719	14.7082309
-11.828874	25.37437	10.680028	-1.049243	-0.44088	-0.154301		29.5144759	14.8201339
-12.353495	25.15393	10.602878	-1.040179	-0.459336	-0.16208		29.47765325	14.92660125
-12.873585	24.924262	10.521837	-1.030732	-0.477626	-0.169801		29.43001675	15.02759175
-13.38895	24.685448	10.436937	-1.020905	-0.495744	-0.177462		29.3715805	15.1230695
-13.899403	24.437576	10.348206	-1.010702	-0.513683	-0.185058		29.30236705	15.21299705
-14.404754	24.180735	10.255677	-1.000126	-0.531435	-0.192587		29.2223989	15.2973409
-14.904817	23.915017	10.159383	-0.989182	-0.548996	-0.200047		29.13170295	15.37606895
-15.399408	23.64052	10.05936	-0.977873	-0.566357	-0.207435		29.0303128	15.4491528
-15.888344	23.357341	9.955643	-0.966203	-0.583513	-0.214747		28.9182614	15.5165634
-16.371446	23.065584	9.848269	-0.954176	-0.600457	-0.221982		28.7955901	15.5782751
-16.848534	22.765356	9.737278	-0.941798	-0.617183	-0.229136		28.6623429	15.6342649
-17.319433	22.456764	9.622711	-0.929071	-0.633685	-0.236207		28.51856555	15.68451255
-17.783968	22.139922	9.504607	-0.916001	-0.649956	-0.243192		28.3643108	15.7289958
-18.241969	21.814944	9.383012	-0.902593	-0.66599	-0.250088		28.19963315	15.76770115
-18.693265	21.481949	9.257967	-0.888851	-0.681782	-0.256894		28.02459175	15.80060975
-19.137691	21.141058	9.12952	-0.874781	-0.697325	-0.263606		27.83924985	15.82771185
-19.575081	20.792396	8.997717	-0.860387	-0.712614	-0.270222		27.64367435	15.84899535
-20.005275	20.436089	8.862606	-0.845675	-0.727643	-0.27674		27.43793525	15.86445225
-20.428112	20.072267	8.724236	-0.83065	-0.742406	-0.283157		27.2221062	15.8740752
-20.843437	19.701064	8.582658	-0.815318	-0.756898	-0.28947		26.99626695	15.87786095
-21.251096	19.322615	8.437923	-0.799684	-0.771113	-0.295678		26.7604986	15.8758066
-21.650938	18.937058	8.290084	-0.783754	-0.785047	-0.301777		26.5148863	15.8679123
-22.042815	18.544535	8.139195	-0.767533	-0.798693	-0.307767		26.25952025	15.85418025
-22.426581	18.145188	7.985312	-0.751028	-0.812047	-0.313643		25.99449135	15.83461535
-22.802096	17.739165	7.82849	-0.734245	-0.825103	-0.319405		25.7198986	15.8092236
-23.169218	17.326613	7.668788	-0.71719	-0.837858	-0.32505		25.4358393	15.7780143
-23.527813	16.907685	7.506262	-0.69987	-0.850305	-0.330576		25.14241955	15.74099655
-23.877748	16.482532	7.340974	-0.682289	-0.86244	-0.335981		24.8397438	15.6981858
-24.218893	16.051312	7.172984	-0.664456	-0.874259	-0.341263		24.52792455	15.64959655
-24.551121	15.614182	7.002352	-0.646376	-0.885758	-0.34642		24.20707435	15.59524435
-24.874309	15.171303	6.829142	-0.628057	-0.896931	-0.351449		23.87731115	15.53515015
-25.188337	14.722838	6.653418	-0.609504	-0.907776	-0.35635		23.53875595	15.46933595
-25.493089	14.26895	6.475243	-0.590725	-0.918286	-0.36112		23.19153115	15.39782415
-25.788452	13.809807	6.294683	-0.571727	-0.92846	-0.365757		22.8357652	15.3206412
-26.074316	13.345577	6.111805	-0.552517	-0.938292	-0.37026		22.4715876	15.2378156
-26.350574	12.876431	5.926675	-0.533102	-0.94778	-0.374627		22.0991319	15.1493759
-26.617125	12.402541	5.739361	-0.513488	-0.956919	-0.378856		21.71853475	15.05535475
-26.873869	11.924081	5.549934	-0.493684	-0.965706	-0.382946		21.32993515	14.95578815
-27.120711	11.441228	5.358461	-0.473697	-0.974138	-0.386895		20.93347685	14.85070985
-27.357559	10.954159	5.165013	-0.453533	-0.982212	-0.390701		20.52930465	14.74015865
-27.584326	10.463054	4.969663	-0.433201	-0.989924	-0.394365		20.1175681	14.6241771
-27.800927	9.968092	4.77248	-0.412708	-0.997271	-0.397882		19.69841645	14.50280445
-28.007281	9.469456	4.573539	-0.392062	-1.004252	-0.401254		19.27200435	14.37608735
-28.203312	8.96733	4.372912	-0.37127	-1.010863	-0.404478		18.8384892	14.2440712
-28.388947	8.461898	4.170673	-0.35034	-1.017102	-0.407553		18.39802945	14.10680445
-28.564117	7.953347	3.966897	-0.329279	-1.022966	-0.410477		17.95078795	13.96433795
-28.728756	7.441865	3.761658	-0.308096	-1.028453	-0.413251		17.4969296	13.8167226
-28.882805	6.927638	3.555033	-0.286799	-1.033561	-0.415872		17.03661975	13.66401475
-29.026204	6.410858	3.347096	-0.265395	-1.038289	-0.418341		16.5700294	13.5062674
-29.158902	5.891713	3.137926	-0.243892	-1.042633	-0.420655		16.0973287	13.3435417
-29.280848	5.370397	2.927599	-0.222299	-1.046594	-0.422814		15.6186938	13.1758958
-29.391997	4.8471	2.716192	-0.200622	-1.050169	-0.424817		15.13429895	13.00339095
-29.492308	4.322015	2.503784	-0.178871	-1.053356	-0.426663		14.6443228	12.8260918
-29.581744	3.795337	2.290452	-0.157054	-1.056155	-0.428353		14.1489474	12.6440624
-29.660271	3.26726	2.076275	-0.135178	-1.058565	-0.429884		13.64835485	12.45736985
-29.72786	2.737977	1.861333	-0.113252	-1.060584	-0.431257		13.142728	12.266084
-29.784486	2.207685	1.645705	-0.091283	-1.062213	-0.432471		12.6322551	12.0702751
-29.830127	1.676579	1.42947	-0.069281	-1.063449	-0.433525		12.11712345	11.87001445
-29.864768	1.144854	1.212707	-0.047253	-1.064294	-0.43442		11.5975228	11.6653758
-29.888394	0.612707	0.995497	-0.025207	-1.064746	-0.435154		11.0736449	11.4564349
-29.900997	0.080334	0.77792	-0.003152	-1.064805	-0.435728		10.54568295	11.24326895
-29.902573	-0.452068	0.560057	0.018905	-1.064472	-0.436141		10.01383255	11.02595755
-29.893121	-0.984304	0.341986	0.040954	-1.063746	-0.436393		9.47828835	10.80457835
-29.872644	-1.516177	0.12379	0.062989	-1.062627	-0.436484		8.9392484	10.5792154
-29.841149	-2.047491	-0.094453	0.084999	-1.061117	-0.436415		8.39691115	10.34994915
-29.79865	-2.578049	-0.31266	0.106979	-1.059215	-0.436184		7.8514785	10.1168675
-29.74516	-3.107657	-0.530752	0.128918	-1.056923	-0.435793		7.303149	9.880054
-29.680701	-3.636118	-0.748648	0.15081	-1.054241	-0.43524		6.75212735	9.63959735
-29.605296	-4.163239	-0.966268	0.172645	-1.051171	-0.434528		6.1986146	9.3955856
-29.518973	-4.688824	-1.183532	0.194417	-1.047713	-0.433655		5.64281655	9.14810855
-29.421765	-5.212681	-1.40036	0.216116	-1.043868	-0.432622		5.08493675	8.89725775
-29.313707	-5.734615	-1.616671	0.237735	-1.039639	-0.43143		4.52518245	8.64312645
-29.19484	-6.254434	-1.832386	0.259265	-1.035026	-0.430078		3.96376	8.385808
-29.065207	-6.771947	-2.047425	0.280699	-1.030032	-0.428569		3.40087545	8.12539745
-28.924858	-7.286964	-2.261709	0.302029	-1.024659	-0.426901		2.8367363	7.8619913
-28.773843	-7.799293	-2.475159	0.323246	-1.018908	-0.425076		2.27155205	7.59568605
-28.61222	-8.308747	-2.687697	0.344344	-1.012781	-0.423094		1.70553	7.32658
-28.440048	-8.815138	-2.899244	0.365313	-1.006282	-0.420956		1.1388788	7.0547728
-28.257392	-9.318279	-3.109722	0.386147	-0.999412	-0.418663		0.5718082	6.7803652
-28.064319	-9.817984	-3.319054	0.406837	-0.992173	-0.416216		0.00452765	6.50345765
-27.8609	-10.314071	-3.527162	0.427376	-0.98457	-0.413616		-0.562756	6.224153
-27.647212	-10.806356	-3.73397	0.447756	-0.976604	-0.410864		-1.1298318	5.9425542
-27.423334	-11.294658	-3.939402	0.46797	-0.968279	-0.40796		-1.6964911	5.6587649
-27.189349	-11.778797	-4.143382	0.48801	-0.959597	-0.404906		-2.26252485	5.37289015
-26.945344	-12.258596	-4.345835	0.507869	-0.950562	-0.401703		-2.8277256	5.0850354
-26.69141	-12.733877	-4.546687	0.527539	-0.941178	-0.398352		-3.3918835	4.7953065
-26.42764	-13.204466	-4.745863	0.547014	-0.931447	-0.394855		-3.954792	4.503811
-26.154133	-13.670189	-4.94329	0.566286	-0.921375	-0.391213		-4.51624245	4.21065655
-25.87099	-14.130877	-5.138897	0.585347	-0.910963	-0.387426		-5.0760305	3.9159495
-25.578317	-14.586358	-5.33261	0.604191	-0.900217	-0.383498		-5.63394705	3.61980095
-25.276221	-15.036467	-5.524359	0.622811	-0.88914	-0.379428		-6.18978965	3.32231835
-24.964816	-15.481037	-5.714073	0.6412	-0.877737	-0.375219		-6.7433514	3.0236126
-24.644216	-15.919906	-5.901683	0.659351	-0.866011	-0.370872		-7.2944304	2.7237926
-24.31454	-16.352911	-6.087119	0.677258	-0.853968	-0.36639		-7.842822	2.42297
-23.975911	-16.779895	-6.270314	0.694914	-0.841612	-0.361772		-8.38832615	2.12125485
-23.628454	-17.200701	-6.4512	0.712312	-0.828946	-0.357022		-8.9307421	1.8187589
-23.272298	-17.615174	-6.629711	0.729446	-0.815977	-0.352141		-9.4698697	1.5155933
-22.907575	-18.023163	-6.805781	0.74631	-0.802709	-0.347131		-10.00551175	1.21187025
-22.53442	-18.424517	-6.979346	0.762897	-0.789147	-0.341993		-10.53747	0.907701
-22.152971	-18.819091	-7.150343	0.779202	-0.775296	-0.33673		-11.06555115	0.60319685
-21.76337	-19.206739	-7.318708	0.795219	-0.761161	-0.331344		-11.5895595	0.2984715
-21.365761	-19.587319	-7.48438	0.810941	-0.746748	-0.325837		-12.10930265	-0.00636365
-20.96029	-19.960693	-7.647299	0.826363	-0.732061	-0.32021		-12.6245915	-0.3111975
-20.547109	-20.326724	-7.807404	0.841479	-0.717107	-0.314467		-13.13523585	-0.61591585
-20.126369	-20.685277	-7.964637	0.856284	-0.701891	-0.308608		-13.64104785	-0.92040785
-19.698228	-21.036223	-8.118941	0.870772	-0.686419	-0.302636		-14.1418432	-1.2245612
-19.262842	-21.379432	-8.270259	0.884938	-0.670696	-0.296554		-14.6374373	-1.5282643
-18.820373	-21.71478	-8.418536	0.898777	-0.654729	-0.290364		-15.12764945	-1.83140545
-18.370984	-22.042145	-8.563718	0.912284	-0.638523	-0.284068		-15.6123006	-2.1338736
-17.914842	-22.361406	-8.705752	0.925454	-0.622084	-0.277668		-16.0912113	-2.4355573
-17.452115	-22.672448	-8.844586	0.938282	-0.605419	-0.271166		-16.56420775	-2.73634575
-16.982974	-22.975157	-8.980169	0.950764	-0.588533	-0.264566		-17.0311161	-3.0361281
-16.507592	-23.269424	-9.112452	0.962894	-0.571434	-0.25787		-17.4917668	-3.3347948
-16.026145	-23.55514	-9.241388	0.974669	-0.554127	-0.25108		-17.94598925	-3.63223725
-15.53881	-23.832204	-9.366928	0.986085	-0.536618	-0.244199		-18.3936205	-3.9283445
-15.045768	-24.100513	-9.489027	0.997137	-0.518915	-0.237229		-18.8344942	-4.2230082
-14.5472	-24.359971	-9.607641	1.007821	-0.501024	-0.230172		-19.268451	-4.516121
-14.043289	-24.610483	-9.722727	1.018133	-0.482952	-0.223033		-19.69533185	-4.80757585
-13.534222	-24.851959	-9.834244	1.028071	-0.464705	-0.215812		-20.1149813	-5.0972663
-13.020187	-25.084311	-9.94215	1.037629	-0.44629	-0.208513		-20.52724555	-5.38508455
-12.501373	-25.307456	-10.046406	1.046805	-0.427713	-0.201139		-20.93197545	-5.67092545
-11.97797	-25.521312	-10.146976	1.055596	-0.408983	-0.193692		-21.3290225	-5.9546865
-11.450172	-25.725804	-10.243821	1.063998	-0.390105	-0.186175		-21.7182438	-6.2362608
-10.918172	-25.920856	-10.336909	1.072009	-0.371087	-0.178591		-22.0994958	-6.5155488
-10.382168	-26.1064	-10.426204	1.079625	-0.351936	-0.170942		-22.4726412	-6.7924452
-9.842355	-26.282368	-10.511675	1.086845	-0.332658	-0.163232		-22.83754375	-7.06685075
-9.298933	-26.448697	-10.593291	1.093664	-0.313261	-0.155463		-23.19407045	-7.33866445
-8.752101	-26.605327	-10.671023	1.100082	-0.293753	-0.147639		-23.54209165	-7.60778765
-8.20206	-26.752204	-10.744842	1.106095	-0.27414	-0.139761		-23.881483	-7.874121
-7.649013	-26.889274	-10.814723	1.111702	-0.254429	-0.131834		-24.21211945	-8.13756845
-7.093162	-27.016488	-10.88064	1.1169	-0.234628	-0.123859		-24.5338813	-8.3980333
-6.534712	-27.133803	-10.942569	1.121689	-0.214745	-0.11584		-24.8466538	-8.6554198
-5.973867	-27.241175	-11.000489	1.126066	-0.194786	-0.10778		-25.15032155	-8.90963555
-5.410834	-27.338568	-11.05438	1.13003	-0.174758	-0.099682		-25.4447761	-9.1605881
-4.845819	-27.425947	-11.104221	1.133579	-0.15467	-0.091549		-25.72991035	-9.40818435
-4.279029	-27.503282	-11.149995	1.136713	-0.134528	-0.083383		-26.00562185	-9.65233485
-3.710673	-27.570546	-11.191687	1.13943	-0.11434	-0.075189		-26.27181045	-9.89295145
-3.140958	-27.627716	-11.229281	1.14173	-0.094114	-0.066967		-26.5283807	-10.1299457
-2.570093	-27.674773	-11.262765	1.143611	-0.073856	-0.058723		-26.77524045	-10.36323245
-1.998288	-27.711701	-11.292127	1.145073	-0.053574	-0.050459		-27.0123002	-10.5927262
-1.425751	-27.738488	-11.317356	1.146117	-0.033276	-0.042177		-27.23947515	-10.81834315
-0.852693	-27.755126	-11.338444	1.14674	-0.01297	-0.033881		-27.45668345	-11.04000145
-0.279323	-27.761611	-11.355385	1.146945	0.007339	-0.025575		-27.66384795	-11.25762195
0.29415	-27.757942	-11.368173	1.14673	0.027641	-0.01726		-27.8608945	-11.4711255
0.867515	-27.744121	-11.376803	1.146095	0.04793	-0.00894		-28.04775125	-11.68043325
1.440562	-27.720156	-11.381273	1.145042	0.068199	-0.000618		-28.2243527	-11.8854697
2.013083	-27.686056	-11.381582	1.14357	0.088439	0.007702		-28.39063505	-12.08616105
2.584868	-27.641837	-11.377731	1.141681	0.108644	0.016019		-28.5465408	-12.2824348
3.155709	-27.587515	-11.369721	1.139375	0.128806	0.024328		-28.69201315	-12.47421915
3.725396	-27.523112	-11.357557	1.136652	0.148917	0.032627		-28.8270006	-12.6614456
4.293722	-27.448654	-11.341243	1.133515	0.168971	0.040913		-28.9514567	-12.8440457
4.86048	-27.364168	-11.320787	1.129965	0.18896	0.049183		-29.065336	-13.021955
5.425462	-27.269688	-11.296195	1.126002	0.208877	0.057433		-29.1685997	-13.1951067
5.988464	-27.165249	-11.267479	1.121629	0.228715	0.065662		-29.2612114	-13.3634414
6.549278	-27.050892	-11.234648	1.116847	0.248466	0.073864		-29.3431393	-13.5268953
7.107702	-26.926659	-11.197716	1.111658	0.268124	0.082039		-29.4143547	-13.6854117
7.663531	-26.792597	-11.156696	1.106065	0.28768	0.090183		-29.47483285	-13.83893185
8.216563	-26.648757	-11.111605	1.100068	0.307129	0.098292		-29.52455405	-13.98740205
8.766597	-26.495192	-11.062459	1.093671	0.326462	0.106364		-29.56350095	-14.13076795
9.313433	-26.331961	-11.009277	1.086876	0.345674	0.114397		-29.59166255	-14.26897855
9.856871	-26.159125	-10.952078	1.079686	0.364756	0.122386		-29.60902985	-14.40198285
10.396713	-25.976746	-10.890885	1.072103	0.383703	0.130329		-29.61559555	-14.52973455
10.932765	-25.784895	-10.825721	1.06413	0.402507	0.138224		-29.61136275	-14.65218875
11.46483	-25.583642	-10.756608	1.05577	0.421161	0.146068		-29.5963325	-14.7692985
11.992715	-25.373061	-10.683575	1.047027	0.43966	0.153856		-29.57051125	-14.88102525
12.516228	-25.153231	-10.606646	1.037903	0.457995	0.161588		-29.5339108	-14.9873258
13.035179	-24.924233	-10.525852	1.028402	0.476161	0.16926		-29.48654565	-15.08816465
13.549381	-24.686153	-10.441222	1.018528	0.494151	0.176869		-29.42843635	-15.18350535
14.058645	-24.439077	-10.352788	1.008285	0.511958	0.184412		-29.35960275	-15.27331375
14.562787	-24.183098	-10.260582	0.997675	0.529576	0.191887		-29.28007345	-15.35755745
15.061625	-23.91831	-10.164638	0.986704	0.546999	0.199292		-29.18987875	-15.43620675
15.554977	-23.644811	-10.064992	0.975374	0.564221	0.206622		-29.08905295	-15.50923395
16.042664	-23.3627	-9.961681	0.963692	0.581234	0.213877		-28.9776324	-15.5766134
16.52451	-23.072083	-9.854743	0.951659	0.598034	0.221053		-28.8556615	-15.6383215
17.000339	-22.773066	-9.744216	0.939282	0.614614	0.228147		-28.72318465	-15.69433465
17.46998	-22.465759	-9.630143	0.926565	0.630968	0.235157		-28.580252	-15.744636
17.933263	-22.150274	-9.512564	0.913512	0.647091	0.242081		-28.42691605	-15.78920605
18.390019	-21.826729	-9.391524	0.900128	0.662976	0.248916		-28.26323565	-15.82803065
18.840083	-21.495241	-9.267066	0.886418	0.678617	0.255659		-28.08927005	-15.86109505
19.283292	-21.155933	-9.139236	0.872388	0.69401	0.262309		-27.9050852	-15.8883882
19.719486	-20.808927	-9.008081	0.858042	0.709149	0.268863		-27.7107471	-15.9099011
20.148507	-20.454353	-8.87365	0.843385	0.724028	0.275318		-27.50633045	-15.92562745
20.5702	-20.092339	-8.735991	0.828424	0.738642	0.281672		-27.291909	-15.935561
20.984412	-19.723018	-8.595156	0.813163	0.752986	0.287922		-27.0675622	-15.9397002
21.390993	-19.346525	-8.451194	0.797608	0.767054	0.294068		-26.83337255	-15.93804155
21.789797	-18.962998	-8.30416	0.781764	0.780842	0.300106		-26.58942695	-15.93058895
22.180679	-18.572577	-8.154108	0.765639	0.794345	0.306034		-26.33581465	-15.91734565
22.563498	-18.175405	-8.00109	0.749236	0.807557	0.31185		-26.0726293	-15.8983143
22.938117	-17.771626	-7.845165	0.732563	0.820475	0.317553		-25.79996695	-15.87350595
23.304398	-17.361389	-7.686389	0.715626	0.833093	0.323139		-25.5179283	-15.8429283
23.662211	-16.944842	-7.524819	0.69843	0.845407	0.328608		-25.22661585	-15.80659285
24.011426	-16.522139	-7.360515	0.680982	0.857413	0.333956		-24.9261381	-15.7645141
24.351917	-16.093432	-7.193537	0.663288	0.869106	0.339183		-24.61660295	-15.71670795
24.683561	-15.658879	-7.023946	0.645355	0.880483	0.344286		-24.29812535	-15.66319235
25.006238	-15.218638	-6.851803	0.627189	0.891539	0.349264		-23.9708213	-15.6039863
25.319833	-14.772868	-6.677171	0.608797	0.90227	0.354114		-23.63480955	-15.53911255
25.624231	-14.321734	-6.500114	0.590185	0.912672	0.358835		-23.29021485	-15.46859485
25.919324	-13.865398	-6.320696	0.57136	0.922742	0.363426		-22.9371614	-15.3924594
26.205004	-13.404027	-6.138983	0.55233	0.932476	0.367884		-22.5757784	-15.3107344
26.481168	-12.937789	-5.955041	0.5331	0.941871	0.372208		-22.2061978	-15.2234498
26.747718	-12.466853	-5.768937	0.513678	0.950924	0.376397		-21.8285543	-15.1306383
27.004557	-11.991391	-5.580739	0.494071	0.95963	0.380449		-21.44298595	-15.03233395
27.251593	-11.511576	-5.390514	0.474286	0.967988	0.384363		-21.04963355	-14.92857155
27.488736	-11.027582	-5.198333	0.45433	0.975993	0.388137		-20.6486396	-14.8193906
27.715901	-10.539585	-5.004264	0.434211	0.983644	0.391769		-20.24015035	-14.70482935
27.933006	-10.047763	-4.80838	0.413935	0.990938	0.39526		-19.8243151	-14.5849321
28.139974	-9.552294	-4.61075	0.39351	0.997871	0.398606		-19.4012849	-14.4597409
28.336728	-9.053359	-4.411447	0.372943	1.004442	0.401808		-18.9712138	-14.3293018
28.5232	-8.551138	-4.210543	0.352242	1.010648	0.404864		-18.534258	-14.193663
28.699321	-8.045814	-4.008111	0.331414	1.016487	0.407773		-18.09057635	-14.05287335
28.865028	-7.53757	-3.804224	0.310467	1.021957	0.410533		-17.6403298	-13.9069838
29.020261	-7.026592	-3.598958	0.289408	1.027056	0.413145		-17.18368335	-13.75604935
29.164965	-6.513064	-3.392385	0.268245	1.031782	0.415607		-16.72080175	-13.60012275
29.299088	-5.997173	-3.184582	0.246986	1.036134	0.417917		-16.2518538	-13.4392628
29.422581	-5.479106	-2.975623	0.225637	1.040109	0.420076		-15.77700935	-13.27352635
29.535399	-4.959051	-2.765585	0.204208	1.043707	0.422083		-15.29644065	-13.10297465
29.637503	-4.437198	-2.554543	0.182704	1.046927	0.423936		-14.81032405	-12.92766905
29.728855	-3.913734	-2.342575	0.161136	1.049766	0.425636		-14.31883325	-12.74767425
29.809423	-3.388851	-2.129757	0.139509	1.052225	0.427181		-13.82214905	-12.56305505
29.879178	-2.862739	-1.916167	0.117832	1.054302	0.428571		-13.3204513	-12.3738793
29.938094	-2.335588	-1.701881	0.096113	1.055996	0.429806		-12.8139209	-12.1802139
29.98615	-1.80759	-1.486978	0.074359	1.057307	0.430885		-12.3027425	-11.9821305
30.023329	-1.278937	-1.271536	0.052578	1.058235	0.431807		-11.78710215	-11.77970115
30.049619	-0.749819	-1.055632	0.030779	1.058779	0.432573		-11.26718565	-11.57299865
30.065008	-0.22043	-0.839346	0.008968	1.058939	0.433182		-10.7431828	-11.3620988
30.069492	0.30904	-0.622755	-0.012845	1.058715	0.433634		-10.2152822	-11.1470772
30.063069	0.838397	-0.405938	-0.034654	1.058107	0.433928		-9.68367715	-10.92801215
30.045742	1.367451	-0.188974	-0.056451	1.057115	0.434065		-9.1485587	-10.7049837
30.017517	1.896008	0.028059	-0.078227	1.055739	0.434045		-8.61012295	-10.47807195
29.978403	2.423877	0.245081	-0.099975	1.053981	0.433867		-8.06856405	-10.24736005
29.928415	2.950868	0.462015	-0.121687	1.05184	0.433532		-7.52407725	-10.01293025
29.867572	3.476788	0.678781	-0.143355	1.049318	0.433039		-6.9768622	-9.7748692
29.795894	4.001447	0.8953	-0.164972	1.046415	0.43239		-6.4271159	-9.5332629
29.713408	4.524654	1.111495	-0.186529	1.043132	0.431584		-5.8750388	-9.2881978
29.620144	5.04622	1.327287	-0.208019	1.039471	0.430621		-5.3208304	-9.0397634
29.516134	5.565955	1.542597	-0.229434	1.035433	0.429501		-4.7646919	-8.7880499
29.401417	6.083672	1.757348	-0.250767	1.031018	0.428226		-4.20682395	-8.53314795
29.276034	6.599181	1.971461	-0.272009	1.02623	0.426796		-3.6474309	-8.2751509
29.140029	7.112296	2.184859	-0.293153	1.02107	0.42521		-3.08671415	-8.01415115
28.993453	7.622831	2.397464	-0.314192	1.015538	0.423471		-2.52487755	-7.75024455
28.836357	8.1306	2.6092	-0.335117	1.009638	0.421577		-1.96212495	-7.48352495
28.668799	8.635419	2.819989	-0.355922	1.003371	0.419531		-1.39866065	-7.21409065
28.490838	9.137105	3.029754	-0.376598	0.99674	0.417332		-0.8346883	-6.9420393
28.302539	9.635475	3.23842	-0.397139	0.989747	0.414982		-0.27041365	-6.66746865
28.103969	10.130348	3.445911	-0.417537	0.982395	0.412481		0.29395885	-6.39047815
27.895201	10.621546	3.652151	-0.437784	0.974685	0.40983		0.85822565	-6.11116935
27.676309	11.108888	3.857066	-0.457874	0.966622	0.40703		1.42217985	-5.82964215
27.447372	11.592199	4.060582	-0.477798	0.958207	0.404083		1.9856188	-5.5459982
27.208472	12.071302	4.262623	-0.497551	0.949443	0.400988		2.5483368	-5.2603422
26.959697	12.546024	4.463117	-0.517124	0.940335	0.397748		3.11013005	-4.97277695
26.701135	13.016191	4.661991	-0.53651	0.930884	0.394363		3.67079375	-4.68340625
26.43288	13.481634	4.859172	-0.555703	0.921095	0.390835		4.230126	-4.392336
26.155028	13.942181	5.05459	-0.574696	0.910971	0.387164		4.7879212	-4.0996698
25.86768	14.397667	5.248172	-0.593481	0.900515	0.383353		5.343979	-3.805516
25.57094	14.847924	5.439848	-0.612053	0.889732	0.379402		5.898095	-3.509981
25.264913	15.29279	5.629549	-0.630403	0.878624	0.375313		6.45007045	-3.21317055
24.949712	15.732102	5.817206	-0.648526	0.867197	0.371088		6.9997028	-2.9151932
24.625448	16.1657	6.00275	-0.666415	0.855453	0.366727		7.5467932	-2.6161568
24.292241	16.593427	6.186113	-0.684064	0.843398	0.362233		8.09114265	-2.31617135
23.950209	17.015126	6.36723	-0.701465	0.831035	0.357607		8.63255285	-2.01534315
23.599476	17.430643	6.546033	-0.718614	0.818369	0.35285		9.1708264	-1.7137836
23.240169	17.839828	6.722458	-0.735502	0.805405	0.347965		9.70576885	-1.41160115
22.872418	18.242531	6.89644	-0.752125	0.792147	0.342953		10.2371847	-1.1089063
22.496356	18.638604	7.067917	-0.768476	0.7786	0.337815		10.7648794	-0.8058076
22.112118	19.027904	7.236825	-0.78455	0.764768	0.332555		11.2886627	-0.5024163
21.719843	19.410288	7.403102	-0.80034	0.750657	0.327173		11.80834295	-0.19884305
21.319673	19.785617	7.566688	-0.815841	0.736272	0.321672		12.32373145	0.10480245
20.911752	20.153753	7.727524	-0.831046	0.721617	0.316053		12.8346398	0.4084108
20.496229	20.514561	7.885551	-0.845951	0.706699	0.310318		13.34088085	0.71187085
20.073253	20.867911	8.04071	-0.86055	0.691522	0.30447		13.84227245	1.01507145
19.642978	21.213672	8.192945	-0.874838	0.676092	0.298511		14.3386297	1.3179027
19.205559	21.551718	8.3422	-0.888809	0.660414	0.292442		14.82977235	1.62025435
18.761154	21.881925	8.488421	-0.902459	0.644494	0.286267		15.3155211	1.9220171
18.309925	22.204172	8.631555	-0.915781	0.628338	0.279986		15.79569825	2.22308125
17.852034	22.518341	8.771548	-0.928772	0.611951	0.273603		16.2701291	2.5233361
17.387648	22.824316	8.908349	-0.941427	0.59534	0.26712		16.7386392	2.8226722
16.916935	23.121986	9.041909	-0.95374	0.57851	0.260538		17.20105875	3.12098175
16.440064	23.411241	9.172178	-0.965708	0.561467	0.253861		17.6572186	3.4181556
15.95721	23.691975	9.299109	-0.977326	0.544218	0.247091		18.1069515	3.7140855
15.468547	23.964084	9.422654	-0.988589	0.526769	0.24023		18.55009255	4.00866255
14.974253	24.227468	9.542769	-0.999494	0.509125	0.23328		18.98647945	4.30178045
14.474505	24.482031	9.65941	-1.010037	0.491294	0.226245		19.41595425	4.59333325
13.969487	24.727678	9.772532	-1.020212	0.473282	0.219127		19.83835755	4.88321155
13.459381	24.964319	9.882095	-1.030018	0.455095	0.211927		20.25353565	5.17131165
12.944372	25.191866	9.988059	-1.039449	0.43674	0.20465		20.6613358	5.4575288
12.424647	25.410236	10.090384	-1.048503	0.418223	0.197297		21.06160955	5.74175755
11.900396	25.619347	10.189032	-1.057176	0.399551	0.189871		21.4542084	6.0238934
11.371808	25.819123	10.283968	-1.065465	0.380731	0.182375		21.8389902	6.3038352
10.839075	26.009488	10.375155	-1.073367	0.36177	0.174811		22.21581175	6.58147875
10.302391	26.190373	10.462561	-1.080879	0.342674	0.167183		22.58453615	6.85672415
9.761952	26.36171	10.546152	-1.087997	0.323451	0.159493		22.9450268	7.1294688
9.217953	26.523436	10.625899	-1.09472	0.304107	0.151743		23.29715245	7.39961545
8.670593	26.67549	10.70177	-1.101045	0.28465	0.143937		23.64078245	7.66706245
8.120071	26.817815	10.773739	-1.106968	0.265086	0.136077		23.97579015	7.93171415
7.566587	26.950358	10.841777	-1.112489	0.245423	0.128167		24.30205255	8.19347155
7.010342	27.073069	10.905861	-1.117605	0.225667	0.120209		24.6194493	8.4522413
6.45154	27.185903	10.965965	-1.122313	0.205826	0.112206		24.927864	8.707926
5.890383	27.288815	11.022068	-1.126613	0.185907	0.10416		25.22718095	8.96043395
5.327077	27.381769	11.074148	-1.130502	0.165917	0.096076		25.51729205	9.20967105
4.761826	27.464728	11.122186	-1.133978	0.145864	0.087955		25.7980889	9.4555469
4.194837	27.53766	11.166163	-1.137042	0.125755	0.079801		26.06946705	9.69797005
3.626317	27.600538	11.206064	-1.13969	0.105597	0.071617		26.33132705	9.93685305
3.056472	27.653336	11.241872	-1.141923	0.085398	0.063405		26.5835708	10.1721068
2.48551	27.696035	11.273575	-1.143738	0.065164	0.055169		26.8261065	10.4036465
1.913641	27.728617	11.301159	-1.145137	0.044904	0.046912		27.05884265	10.63138465
1.341073	27.751069	11.324615	-1.146117	0.024624	0.038636		27.28169345	10.85523945
0.768014	27.763381	11.343933	-1.146678	0.004332	0.030345		27.4945761	11.0751281
0.194675	27.765547	11.359105	-1.14682	-0.015964	0.022042		27.69741075	11.29096875
-0.378735	27.757565	11.370126	-1.146543	-0.036257	0.013729		27.89012225	11.50268325
-0.952007	27.739437	11.376991	-1.145847	-0.05654	0.00541		28.07263945	11.71019345
-1.52493	27.711167	11.379696	-1.144732	-0.076805	-0.002912		28.2448925	11.9134215
-2.097296	27.672764	11.37824	-1.143198	-0.097045	-0.011234		28.4068176	12.1122936
-2.668895	27.624241	11.372623	-1.141246	-0.117253	-0.019553		28.55835425	12.30673625
-3.239518	27.565615	11.362846	-1.138876	-0.13742	-0.027867		28.6994463	12.4966773
-3.808956	27.496905	11.348913	-1.136089	-0.157541	-0.036171		28.8300396	12.6820476
-4.377	27.418134	11.330828	-1.132885	-0.177606	-0.044463		28.950084	12.862778
-4.943443	27.329331	11.308596	-1.129267	-0.197609	-0.05274		29.05953605	13.03880105
-5.508077	27.230527	11.282226	-1.125235	-0.217543	-0.060999		29.15835395	13.21005295
-6.070694	27.121755	11.251726	-1.12079	-0.2374	-0.069237		29.2464979	13.3764689
-6.631089	27.003055	11.217108	-1.115935	-0.257173	-0.077451		29.32393615	13.53798915
-7.189057	26.874468	11.178382	-1.11067	-0.276855	-0.085637		29.39063795	13.69455195
-7.744392	26.736041	11.135564	-1.104997	-0.296438	-0.093794		29.4465782	13.8461012
-8.29689	26.587822	11.088667	-1.098919	-0.315915	-0.101917		29.4917335	13.9925785
-8.84635	26.429865	11.037708	-1.092438	-0.335279	-0.110004		29.5260875	14.1339305
-9.392569	26.262225	10.982707	-1.085556	-0.354523	-0.118051		29.54962415	14.27010615
-9.935347	26.084964	10.923681	-1.078274	-0.373639	-0.126057		29.56233545	14.40105245
-10.474484	25.898144	10.860652	-1.070597	-0.392622	-0.134017		29.5642134	14.5267214
-11.009783	25.701833	10.793644	-1.062526	-0.411462	-0.14193		29.55525705	14.64706805
-11.541046	25.496102	10.722679	-1.054065	-0.430155	-0.149791		29.5354681	14.7620451
-12.068078	25.281025	10.647784	-1.045216	-0.448692	-0.157598		29.5048523	14.8716113
-12.590686	25.056678	10.568984	-1.035983	-0.467068	-0.165349		29.4634181	14.9757241
-13.108678	24.823145	10.48631	-1.026368	-0.485274	-0.17304		29.4111823	15.0743473
-13.621862	24.580508	10.39979	-1.016376	-0.503305	-0.180669		29.3481597	15.1674417
-14.13005	24.328855	10.309455	-1.00601	-0.521153	-0.188232		29.2743725	15.2549725
-14.633055	24.068278	10.215339	-0.995273	-0.538813	-0.195728		29.18984725	15.33690825
-15.130691	23.798872	10.117475	-0.98417	-0.556277	-0.203152		29.09461385	15.41321685
-15.622776	23.520734	10.015899	-0.972704	-0.573539	-0.210503		28.9887056	15.4838706
-16.109128	23.233964	9.910648	-0.96088	-0.590593	-0.217777		28.8721588	15.5488428
-16.589568	22.938668	9.801759	-0.948702	-0.607432	-0.224972		28.7450168	15.6081078
-17.063919	22.634952	9.689273	-0.936174	-0.62405	-0.232086		28.60732365	15.66164465
-17.532006	22.322927	9.57323	-0.923301	-0.640441	-0.239115		28.4591291	15.7094321
-17.993656	22.002707	9.453672	-0.910087	-0.656598	-0.246058		28.3004866	15.7514516
-18.4487	21.674408	9.330644	-0.896538	-0.672516	-0.25291		28.131453	15.787689
-18.896969	21.33815	9.204188	-0.882658	-0.68819	-0.259671		27.95208915	15.81812715
-19.338298	20.994055	9.074353	-0.868452	-0.703612	-0.266337		27.7624593	15.8427573
-19.772524	20.642249	8.941184	-0.853926	-0.718777	-0.272906		27.5626324	15.8615674
-20.199487	20.28286	8.804732	-0.839084	-0.73368	-0.279375		27.35268045	15.87455245
-20.619029	19.91602	8.665044	-0.823933	-0.748315	-0.285742		27.13268015	15.88170415
-21.030996	19.541863	8.522173	-0.808477	-0.762676	-0.292005		26.9027116	15.8830216
-21.435234	19.160525	8.37617	-0.792722	-0.776759	-0.298162		26.6628569	15.8785019
-21.831595	18.772146	8.227089	-0.776675	-0.790557	-0.304209		26.41320425	15.86814725
-22.219933	18.376867	8.074985	-0.760341	-0.804067	-0.310145		26.15384355	15.85196155
-22.600103	17.974834	7.919912	-0.743725	-0.817282	-0.315968		25.88487005	15.82994805
-22.971966	17.566193	7.761928	-0.726835	-0.830197	-0.321675		25.6063811	15.8021161
-23.335383	17.151094	7.601091	-0.709676	-0.842809	-0.327264		25.31847805	15.76847505
-23.690221	16.72969	7.437459	-0.692254	-0.855112	-0.332734		25.02126735	15.72903635
-24.036348	16.302133	7.271092	-0.674576	-0.867102	-0.338081		24.7148548	15.6838138
-24.373636	15.868583	7.102051	-0.656649	-0.878773	-0.343305		24.3993556	15.6328236
-24.70196	15.429196	6.930399	-0.638478	-0.890123	-0.348403		24.074882	15.576085
-25.0212	14.984135	6.756197	-0.620072	-0.901146	-0.353373		23.741555	15.513617
-25.331235	14.533562	6.579511	-0.601436	-0.911838	-0.358214		23.39949425	15.44544325
-25.631953	14.077643	6.400404	-0.582577	-0.922196	-0.362923		23.04882655	15.37158755
-25.923242	13.616545	6.218943	-0.563502	-0.932215	-0.367499		22.6896797	15.2920777
-26.204993	13.150437	6.035193	-0.544219	-0.941892	-0.37194		22.32218455	15.20694055
-26.477102	12.679492	5.849224	-0.524734	-0.951223	-0.376244		21.9464777	15.1162097
-26.739469	12.20388	5.661102	-0.505055	-0.960204	-0.380411		21.56269415	15.01991615
-26.991997	11.723778	5.470896	-0.485189	-0.968833	-0.384437		21.17097695	14.91809495
-27.234592	11.239361	5.278678	-0.465143	-0.977106	-0.388322		20.7714682	14.8107852
-27.467163	10.750809	5.084517	-0.444925	-0.985019	-0.392065		20.36431605	14.69802405
-27.689625	10.258299	4.888484	-0.424541	-0.992571	-0.395664		19.94966775	14.57985275
-27.901896	9.762013	4.690652	-0.404001	-0.999757	-0.399117		19.5276766	14.4563156
-28.103896	9.262135	4.491094	-0.38331	-1.006576	-0.402423		19.0984986	14.3274576
-28.295551	8.758847	4.289882	-0.362478	-1.013025	-0.405582		18.66228985	14.19332485
-28.47679	8.252334	4.087091	-0.341511	-1.019101	-0.408591		18.2192105	14.0539675
-28.647546	7.742784	3.882796	-0.320417	-1.024802	-0.41145		17.7694251	13.9094371
-28.807754	7.230383	3.677071	-0.299205	-1.030126	-0.414157		17.3130969	13.7597849
-28.957357	6.71532	3.469992	-0.277882	-1.035071	-0.416713		16.85039495	13.60506695
-29.096297	6.197784	3.261636	-0.256455	-1.039635	-0.419115		16.38148795	13.44533995
-29.224525	5.677967	3.052078	-0.234934	-1.043816	-0.421362		15.90655075	13.28066175
-29.341992	5.156058	2.841397	-0.213325	-1.047614	-0.423455		15.4257552	13.1110942
-29.448654	4.632251	2.62967	-0.191637	-1.051025	-0.425391		14.9392799	12.9366989
-29.544473	4.106739	2.416974	-0.169878	-1.05405	-0.427171		14.44730455	12.75753955
-29.629412	3.579714	2.203389	-0.148056	-1.056686	-0.428794		13.9500082	12.5736832
-29.70344	3.051371	1.988992	-0.126179	-1.058933	-0.430259		13.447575	12.385196
-29.76653	2.521904	1.773862	-0.104256	-1.060791	-0.431566		12.9401895	12.1921475
-29.818658	1.991509	1.558079	-0.082293	-1.062258	-0.432713		12.4280393	11.9946093
-29.859804	1.46038	1.341723	-0.0603	-1.063333	-0.433701		11.9113114	11.7926544
-29.889954	0.928713	1.124872	-0.038285	-1.064017	-0.43453		11.3901969	11.5863559
-29.909097	0.396705	0.907607	-0.016255	-1.06431	-0.435198		10.86488895	11.37579095
-29.917224	-0.13545	0.690008	0.005781	-1.06421	-0.435707		10.3355784	11.1610364
-29.914334	-0.667555	0.472155	0.027814	-1.063718	-0.436054		9.8024619	10.9421719
-29.900427	-1.199414	0.254127	0.049838	-1.062835	-0.436242		9.26573545	10.71927645
-29.875508	-1.730831	0.036007	0.071842	-1.06156	-0.436268		8.7255968	10.4924348
-29.839587	-2.261611	-0.182127	0.093821	-1.059894	-0.436134		8.18224445	10.26172845
-29.792676	-2.791558	-0.400194	0.115764	-1.057838	-0.435839		7.6358786	10.0272426
-29.734794	-3.320477	-0.618114	0.137665	-1.055392	-0.435384		7.0867009	9.7890639
-29.665962	-3.848173	-0.835806	0.159514	-1.052558	-0.434768		6.5349137	9.5472807
-29.586205	-4.374452	-1.05319	0.181305	-1.049336	-0.433993		5.98071975	9.30198175
-29.495552	-4.899121	-1.270186	0.203028	-1.045728	-0.433057		5.4243222	9.0532572
-29.394038	-5.421985	-1.486715	0.224676	-1.041735	-0.431962		4.8659283	8.8011983
-29.2817	-5.942852	-1.702696	0.24624	-1.037358	-0.430708		4.305743	8.545899
-29.15858	-6.461531	-1.91805	0.267714	-1.0326	-0.429296		3.743972	8.287453
-29.024723	-6.977831	-2.132698	0.289088	-1.027461	-0.427725		3.18082205	8.02595505
-28.88018	-7.491562	-2.346561	0.310355	-1.021945	-0.425997		2.616501	7.761502
-28.725002	-8.002534	-2.559559	0.331507	-1.016052	-0.424113		2.0512167	7.4941917
-28.559249	-8.51056	-2.771616	0.352536	-1.009785	-0.422072		1.48517715	7.22412115
-28.382981	-9.015453	-2.982652	0.373434	-1.003147	-0.419876		0.91859035	6.95139135
-28.196264	-9.517026	-3.192589	0.394194	-0.99614	-0.417525		0.3516664	6.6761034
-27.999167	-10.015096	-3.401352	0.414808	-0.988767	-0.415021		-0.21538755	6.39835645
-27.791763	-10.50948	-3.608862	0.435268	-0.98103	-0.412364		-0.78236295	6.11825505
-27.574128	-10.999995	-3.815044	0.455567	-0.972932	-0.409555		-1.3490502	5.8359008
-27.346345	-11.48646	-4.019822	0.475698	-0.964476	-0.406596		-1.91523925	5.55139875
-27.108496	-11.968699	-4.22312	0.495652	-0.955666	-0.403488		-2.4807254	5.2648536
-26.86067	-12.446532	-4.424864	0.515422	-0.946505	-0.400231		-3.0452975	4.9763705
-26.602959	-12.919784	-4.624979	0.535002	-0.936996	-0.396827		-3.60874835	4.68605665
-26.335458	-13.388283	-4.823393	0.554383	-0.927143	-0.393277		-4.1708727	4.3940173
-26.058266	-13.851854	-5.020031	0.57356	-0.91695	-0.389583		-4.7314609	4.1003621
-25.771486	-14.310329	-5.214823	0.592524	-0.90642	-0.385746		-5.2903089	3.8051971
-25.475225	-14.763539	-5.407696	0.611268	-0.895557	-0.381767		-5.84721025	3.50863275
-25.169591	-15.211317	-5.598579	0.629787	-0.884365	-0.377648		-6.40196015	3.21077785
-24.854697	-15.6535	-5.787403	0.648072	-0.872849	-0.37339		-6.95435605	2.91174095
-24.530661	-16.089924	-5.974098	0.666118	-0.861012	-0.368995		-7.50419265	2.61163335
-24.197602	-16.52043	-6.158595	0.683917	-0.84886	-0.364465		-8.0512693	2.3105657
-23.855644	-16.94486	-6.340828	0.701463	-0.836397	-0.359801		-8.5953846	2.0086474
-23.504912	-17.363059	-6.520728	0.71875	-0.823627	-0.355005		-9.1363398	1.7059912
-23.145537	-17.774873	-6.698231	0.735771	-0.810556	-0.35008		-9.67393505	1.40270695
-22.777652	-18.18015	-6.873271	0.75252	-0.797187	-0.345025		-10.2079718	1.0989072
-22.401392	-18.578744	-7.045783	0.768991	-0.783527	-0.339845		-10.7382568	0.7947042
-22.016896	-18.970508	-7.215706	0.785178	-0.76958	-0.33454		-11.2645944	0.4902076
-21.624307	-19.355297	-7.382976	0.801075	-0.755351	-0.329112		-11.78678955	0.18553145
-21.223769	-19.732973	-7.547532	0.816676	-0.740846	-0.323564		-12.30465385	-0.11921285
-20.815432	-20.103396	-7.709314	0.831975	-0.72607	-0.317898		-12.8179948	-0.4239128
-20.399444	-20.466431	-7.868263	0.846967	-0.711029	-0.312116		-13.3266256	-0.7284576
-19.975961	-20.821946	-8.024321	0.861646	-0.695728	-0.306219		-13.83035965	-1.03273465
-19.545137	-21.169809	-8.177431	0.876008	-0.680173	-0.30021		-14.32901105	-1.33663305
-19.107134	-21.509896	-8.327536	0.890046	-0.66437	-0.294092		-14.8223991	-1.6400391
-18.662111	-21.842081	-8.474582	0.903755	-0.648324	-0.287867		-15.31034215	-1.94284315
-18.210233	-22.166243	-8.618515	0.917131	-0.632042	-0.281536		-15.79266145	-2.24493345
-17.751668	-22.482264	-8.759283	0.930169	-0.615529	-0.275102		-16.2691802	-2.5461992
-17.286583	-22.790028	-8.896834	0.942864	-0.598793	-0.268569		-16.73972395	-2.84652995
-16.815151	-23.089425	-9.031119	0.955212	-0.581838	-0.261937		-17.20412215	-3.14581615
-16.337545	-23.380344	-9.162087	0.967207	-0.564672	-0.25521		-17.66220325	-3.44394625
-15.853941	-23.66268	-9.289692	0.978846	-0.5473	-0.24839		-18.11380065	-3.74081265
-15.364518	-23.93633	-9.413887	0.990125	-0.529729	-0.24148		-18.5587487	-4.0363057
-14.869456	-24.201194	-9.534627	1.001038	-0.511967	-0.234482		-18.9968844	-4.3303174
-14.368937	-24.457178	-9.651868	1.011583	-0.494018	-0.227398		-19.42805005	-4.62274005
-13.863145	-24.704187	-9.765567	1.021756	-0.47589	-0.220233		-19.85208625	-4.91346625
-13.352267	-24.942132	-9.875684	1.031553	-0.45759	-0.212987		-20.26883855	-5.20239055
-12.836491	-25.170926	-9.982177	1.04097	-0.439124	-0.205663		-20.67815415	-5.48940515
-12.316006	-25.390488	-10.085009	1.050004	-0.420499	-0.198266		-21.0798859	-5.7744069
-11.791004	-25.600738	-10.184142	1.058652	-0.401722	-0.190796		-21.4738866	-6.0572906
-11.261677	-25.801599	-10.27954	1.066911	-0.382801	-0.183258		-21.86001205	-6.33795305
-10.728222	-25.992999	-10.371169	1.074778	-0.363741	-0.175653		-22.2381213	-6.6162913
-10.190833	-26.17487	-10.458995	1.082249	-0.34455	-0.167985		-22.60807845	-6.89220345
-9.649709	-26.347145	-10.542988	1.089323	-0.325236	-0.160256		-22.96974685	-7.16558985
-9.105047	-26.509763	-10.623116	1.095997	-0.305805	-0.152469		-23.32299655	-7.43634955
-8.557049	-26.662665	-10.69935	1.102268	-0.286264	-0.144628		-23.66769785	-7.70438285
-8.005915	-26.805797	-10.771664	1.108135	-0.266621	-0.136735		-24.00372675	-7.96959375
-7.451847	-26.939108	-10.840032	1.113595	-0.246883	-0.128792		-24.33096155	-8.23188555
-6.89505	-27.062549	-10.904428	1.118646	-0.227056	-0.120804		-24.6492815	-8.4911605
-6.335726	-27.176078	-10.96483	1.123287	-0.20715	-0.112772		-24.9585739	-8.7473259
-5.774083	-27.279652	-11.021215	1.127516	-0.18717	-0.1047		-25.25872295	-9.00028595
-5.210325	-27.373237	-11.073565	1.131332	-0.167124	-0.09659		-25.54962325	-9.24995125
-4.644659	-27.456799	-11.12186	1.134733	-0.147019	-0.088447		-25.83116835	-9.49622935
-4.077292	-27.530309	-11.166084	1.137718	-0.126864	-0.080272		-26.1032568	-9.7390318
-3.508433	-27.593741	-11.206219	1.140286	-0.106664	-0.072068		-26.36578945	-9.97826745
-2.93829	-27.647073	-11.242253	1.142437	-0.086429	-0.06384		-26.6186715	-10.2138515
-2.367072	-27.690287	-11.274173	1.144169	-0.066164	-0.055589		-26.8618118	-10.4456978
-1.794987	-27.723369	-11.301968	1.145483	-0.045878	-0.047319		-27.09512355	-10.67372255
-1.222246	-27.746308	-11.325627	1.146377	-0.025577	-0.039033		-27.3185219	-10.8978409
-0.649058	-27.759096	-11.345143	1.146852	-0.00527	-0.030733		-27.5319257	-11.1179727
-0.075632	-27.761731	-11.36051	1.146907	0.015036	-0.022423		-27.7352598	-11.3340388
0.497822	-27.754213	-11.371722	1.146543	0.035334	-0.014107		-27.9284507	-11.5459597
1.071093	-27.736546	-11.378775	1.14576	0.055616	-0.005786		-28.11142855	-11.75365755
1.643973	-27.708738	-11.381668	1.144558	0.075876	0.002536		-28.28412855	-11.95705855
2.216252	-27.6708	-11.3804	1.142937	0.096105	0.010856		-28.4464882	-12.1560882
2.787721	-27.622748	-11.374972	1.1409	0.116296	0.01917		-28.59845035	-12.35067435
3.35817	-27.5646	-11.365387	1.138445	0.136442	0.027477		-28.7399595	-12.5407465
3.927393	-27.496379	-11.351649	1.135575	0.156535	0.035772		-28.87096655	-12.72623655
4.495181	-27.418111	-11.333763	1.132291	0.176569	0.044053		-28.99142435	-12.90707635
5.061326	-27.329827	-11.311736	1.128593	0.196536	0.052318		-29.1012911	-13.0832001
5.625623	-27.231559	-11.285577	1.124484	0.216428	0.060562		-29.20052705	-13.25454505
6.187865	-27.123345	-11.255296	1.119964	0.236238	0.068782		-29.28909775	-13.42104875
6.747847	-27.005226	-11.220905	1.115036	0.25596	0.076977		-29.36697245	-13.58265145
7.305365	-26.877246	-11.182417	1.109702	0.275586	0.085142		-29.43412375	-13.73929475
7.860216	-26.739453	-11.139846	1.103963	0.295109	0.093275		-29.4905286	-13.8909216
8.412197	-26.591898	-11.093208	1.097822	0.314521	0.101374		-29.53616695	-14.03747695
8.961108	-26.434638	-11.042521	1.091281	0.333816	0.109434		-29.5710258	-14.1789088
9.506749	-26.267729	-10.987804	1.084343	0.352987	0.117453		-29.59509115	-14.31516615
10.04892	-26.091236	-10.929078	1.07701	0.372027	0.125428		-29.608358	-14.4462
10.587425	-25.905222	-10.866364	1.069285	0.390929	0.133357		-29.61082075	-14.57196275
11.122067	-25.709758	-10.799685	1.06117	0.409686	0.141236		-29.60248145	-14.69240845
11.652653	-25.504915	-10.729067	1.05267	0.428291	0.149063		-29.58334355	-14.80749555
12.178988	-25.29077	-10.654536	1.043787	0.446737	0.156834		-29.5534158	-14.9171818
12.700881	-25.067401	-10.576119	1.034524	0.465019	0.164547		-29.51270935	-15.02142735
13.218143	-24.834892	-10.493845	1.024886	0.483129	0.172199		-29.46124205	-15.12019505
13.730586	-24.593327	-10.407746	1.014874	0.50106	0.179788		-29.3990321	-15.2134511
14.238023	-24.342797	-10.317852	1.004494	0.518807	0.18731		-29.32610505	-15.30116005
14.740271	-24.083394	-10.224197	0.993749	0.536363	0.194763		-29.24248885	-15.38329185
15.237145	-23.815213	-10.126816	0.982643	0.553721	0.202144		-29.14821375	-15.45981675
15.728467	-23.538352	-10.025744	0.971181	0.570875	0.209451		-29.04331545	-15.53070745
16.214057	-23.252914	-9.921018	0.959365	0.58782	0.21668		-28.92783395	-15.59593795
16.69374	-22.959005	-9.812678	0.947202	0.604548	0.22383		-28.801814	-15.655487
17.167341	-22.65673	-9.700764	0.934695	0.621055	0.230897		-28.66529935	-15.70933335
17.634688	-22.346203	-9.585315	0.921848	0.637333	0.23788		-28.5183438	-15.7574558
18.095612	-22.027536	-9.466375	0.908668	0.653378	0.244775		-28.3610002	-15.7998392
18.549946	-21.700847	-9.343987	0.895157	0.669183	0.251581		-28.1933281	-15.8364681
18.997525	-21.366255	-9.218197	0.881323	0.684743	0.258294		-28.01538875	-15.86733075
19.438186	-21.023884	-9.08905	0.867168	0.700052	0.264912		-27.8272491	-15.8924151
19.87177	-20.673858	-8.956594	0.8527	0.715105	0.271433		-27.6289775	-15.9117135
20.29812	-20.316305	-8.820878	0.837922	0.729895	0.277855		-27.420647	-15.92522
20.717081	-19.951358	-8.68195	0.822841	0.744419	0.284175		-27.20233635	-15.93292835
