x	y	z	Velocidad				x'	y'
-4.11218	-29.5688	-7.9897	1.15776	-0.213416	-0.415728		-28.129537	-6.550437
-3.185972	-29.739533	-8.322283	1.161169	-0.181594	-0.406823		-28.6244428	-7.2071928
-2.257036	-29.884808	-8.647741	1.163552	-0.150052	-0.397696		-29.0948454	-7.8577784
-1.326195	-30.004849	-8.965897	1.164932	-0.118828	-0.388366		-29.54068075	-8.50172875
-0.39425	-30.099912	-9.27659	1.165336	-0.087956	-0.378851		-29.9619245	-9.1386025
0.538019	-30.170277	-9.579671	1.164792	-0.057469	-0.369171		-30.35858365	-9.76797765
1.469853	-30.216252	-9.875007	1.163329	-0.027395	-0.359342		-30.73070055	-10.38945555
2.400517	-30.238168	-10.162481	1.160977	0.002239	-0.349383		-31.07834895	-11.00266195
3.329298	-30.236377	-10.441988	1.157765	0.031407	-0.33931		-31.4016313	-11.6072423
4.25551	-30.211251	-10.713435	1.153725	0.06009	-0.329138		-31.7006795	-12.2028635
5.17849	-30.16318	-10.976746	1.148888	0.088265	-0.318885		-31.9756515	-12.7892175
6.097601	-30.092567	-11.231854	1.143285	0.115917	-0.308564		-32.22672735	-13.36601435
7.012228	-29.999834	-11.478705	1.136947	0.143029	-0.29819		-32.4541138	-13.9329848
7.921786	-29.885411	-11.717258	1.129907	0.169588	-0.287777		-32.6580361	-14.4898831
8.825712	-29.74974	-11.947479	1.122196	0.195584	-0.277338		-32.8387392	-15.0364782
9.723469	-29.593273	-12.169349	1.113843	0.221005	-0.266884		-32.99648715	-15.57256315
10.614543	-29.416469	-12.382856	1.10488	0.245844	-0.256428		-33.13155905	-16.09794605
11.498447	-29.219794	-12.587998	1.095336	0.270096	-0.24598		-33.24425045	-16.61245445
12.374716	-29.003717	-12.784782	1.085242	0.293755	-0.235551		-33.3348676	-17.1159326
13.242909	-28.768713	-12.973223	1.074625	0.316818	-0.225151		-33.40373115	-17.60824115
14.10261	-28.515258	-13.153344	1.063515	0.339284	-0.214788		-33.4511715	-18.0892575
14.953422	-28.243831	-13.325174	1.051938	0.361151	-0.204471		-33.4775287	-18.5588717
15.794972	-27.95491	-13.488751	1.03992	0.38242	-0.194209		-33.4831502	-19.0169912
16.626908	-27.648975	-13.644118	1.027489	0.403092	-0.184007		-33.4683928	-19.4635358
17.448899	-27.326501	-13.791324	1.014668	0.42317	-0.173874		-33.43361565	-19.89843865
18.260634	-26.987965	-13.930423	1.001483	0.442657	-0.163815		-33.3791869	-20.3216449
19.06182	-26.633839	-14.061476	0.987956	0.461558	-0.153837		-33.305476	-20.733113
19.852185	-26.264593	-14.184545	0.97411	0.479876	-0.143944		-33.21285775	-21.13280975
20.631473	-25.880692	-14.2997	0.959966	0.497618	-0.134141		-33.10170755	-21.52071555
21.399446	-25.482598	-14.407013	0.945546	0.514789	-0.124433		-32.9724041	-21.8968191
22.155883	-25.070766	-14.506559	0.93087	0.531397	-0.114823		-32.82532505	-22.26111805
22.900579	-24.645649	-14.598418	0.915956	0.547447	-0.105316		-32.66085165	-22.61362065
23.633344	-24.207691	-14.682671	0.900824	0.562947	-0.095915		-32.4793614	-22.9543414
24.354003	-23.757333	-14.759403	0.88549	0.577905	-0.086622		-32.28123405	-23.28330405
25.062395	-23.295009	-14.828701	0.869972	0.592329	-0.07744		-32.06684725	-23.60053925
25.758373	-22.821146	-14.890653	0.854285	0.606227	-0.068372		-31.83657655	-23.90608355
26.441801	-22.336164	-14.945351	0.838445	0.619607	-0.059419		-31.59079435	-24.19998135
27.112557	-21.840478	-14.992887	0.822467	0.632479	-0.050584		-31.32987295	-24.48228195
27.770531	-21.334495	-15.033353	0.806364	0.64485	-0.041866		-31.05418085	-24.75303885
28.415622	-20.818615	-15.066847	0.79015	0.656729	-0.033269		-30.7640827	-25.0123147
29.047742	-20.293232	-15.093462	0.773837	0.668125	-0.024793		-30.4599417	-25.2601717
29.666812	-19.758732	-15.113296	0.757438	0.679048	-0.016438		-30.1421162	-25.4966802
30.272762	-19.215494	-15.126447	0.740963	0.689505	-0.008206		-29.8109607	-25.7219137
30.865532	-18.66389	-15.133012	0.724423	0.699506	-0.000097		-29.4668262	-25.9359482
31.44507	-18.104285	-15.133089	0.707829	0.70906	0.007889		-29.1100595	-26.1388635
32.011334	-17.537037	-15.126778	0.69119	0.718176	0.015751		-28.7410039	-26.3307449
32.564286	-16.962496	-15.114177	0.674516	0.726861	0.023491		-28.3599961	-26.5116771
33.103898	-16.381007	-15.095385	0.657815	0.735126	0.031106		-27.9673713	-26.6817493
33.63015	-15.792907	-15.0705	0.641095	0.742977	0.038599		-27.5634595	-26.8410525
34.143026	-15.198525	-15.03962	0.624364	0.750425	0.045969		-27.1485841	-26.9896791
34.642517	-14.598185	-15.002846	0.60763	0.757477	0.053216		-26.72306595	-27.12772695
35.128621	-13.992203	-14.960273	0.590899	0.764141	0.060341		-26.28722035	-27.25529035
35.60134	-13.380891	-14.912	0.574178	0.770426	0.067345		-25.84136	-27.372469
36.060682	-12.76455	-14.858124	0.557472	0.776339	0.074228		-25.3857887	-27.4793627
36.50666	-12.143479	-14.798742	0.540789	0.781888	0.080991		-24.92081	-27.576073
36.939291	-11.517969	-14.733949	0.524133	0.787082	0.087634		-24.44672085	-27.66270085
37.358598	-10.888303	-14.663841	0.50751	0.791927	0.094159		-23.9638123	-27.7393503
37.764605	-10.254762	-14.588514	0.490923	0.796431	0.100567		-23.47237375	-27.80612575
38.157344	-9.617618	-14.50806	0.474379	0.800601	0.106857		-22.9726884	-27.8631304
38.536847	-8.977137	-14.422574	0.457881	0.804444	0.113032		-22.46503345	-27.91047045
38.903151	-8.333582	-14.332149	0.441432	0.807967	0.119091		-21.94968485	-27.94825185
39.256297	-7.687208	-14.236876	0.425038	0.811178	0.125037		-21.42691195	-27.97657995
39.596328	-7.038266	-14.136846	0.408701	0.814082	0.13087		-20.8969808	-27.9955608
39.923289	-6.387001	-14.03215	0.392425	0.816685	0.13659		-20.36015215	-28.00530115
40.237229	-5.733652	-13.922878	0.376213	0.818996	0.1422		-19.81668215	-28.00590815
40.538199	-5.078456	-13.809118	0.360067	0.821018	0.1477		-19.26682565	-27.99748765
40.826252	-4.421641	-13.690958	0.343991	0.822759	0.153091		-18.7108292	-27.9801462
41.101445	-3.763434	-13.568485	0.327987	0.824225	0.158374		-18.14893975	-27.95399075
41.363835	-3.104054	-13.441785	0.312057	0.82542	0.163551		-17.58139625	-27.91912725
41.613481	-2.443718	-13.310944	0.296204	0.826351	0.168622		-17.00843635	-27.87566235
41.850444	-1.782637	-13.176047	0.28043	0.827023	0.173588		-16.4302924	-27.8237024
42.074788	-1.121018	-13.037176	0.264736	0.827441	0.178451		-15.8471938	-27.7633518
42.286577	-0.459065	-12.894415	0.249125	0.827611	0.183212		-15.25936695	-27.69471695
42.485877	0.203023	-12.747846	0.233597	0.827537	0.187871		-14.66703395	-27.61790295
42.672754	0.865053	-12.597549	0.218156	0.827223	0.192429		-14.0704109	-27.5330129
42.847279	1.526831	-12.443606	0.202801	0.826676	0.196888		-13.46971665	-27.44015365
43.00952	2.188173	-12.286095	0.187535	0.8259	0.201249		-12.865159	-27.339427
43.159547	2.848892	-12.125096	0.172358	0.824898	0.205513		-12.25694945	-27.23093745
43.297434	3.508811	-11.960686	0.157272	0.823675	0.20968		-11.6452909	-27.1147879
43.423252	4.167751	-11.792941	0.142278	0.822236	0.213752		-11.0303872	-26.9910792
43.537074	4.82554	-11.621939	0.127377	0.820585	0.21773		-10.4124359	-26.8599149
43.638976	5.482007	-11.447755	0.11257	0.818724	0.221615		-9.7916346	-26.7213966
43.729032	6.136987	-11.270463	0.097857	0.81666	0.225407		-9.1681742	-26.5756242
43.807318	6.790315	-11.090138	0.08324	0.814394	0.229107		-8.5422463	-26.4226993
43.87391	7.44183	-10.906853	0.068719	0.811931	0.232717		-7.9140385	-26.2627215
43.928884	8.091375	-10.720679	0.054294	0.809274	0.236237		-7.2837344	-26.0957884
43.97232	8.738794	-10.531689	0.039967	0.806427	0.239669		-6.651518	-25.922001
44.004293	9.383935	-10.339954	0.025738	0.803392	0.243012		-6.01756755	-25.74145655
44.024883	10.026649	-10.145545	0.011607	0.800174	0.246269		-5.38206005	-25.55425405
44.034169	10.666788	-9.94853	-0.002425	0.796775	0.249439		-4.74517115	-25.36048915
44.032229	11.304208	-9.748979	-0.016357	0.793198	0.252524		-4.10707215	-25.16025915
44.019143	11.938767	-9.54696	-0.03019	0.789446	0.255524		-3.46793305	-24.95366005
43.994991	12.570324	-9.342541	-0.043923	0.785523	0.25844		-2.82792285	-24.74078785
43.959853	13.198742	-9.135789	-0.057555	0.78143	0.261273		-2.18720655	-24.52173755
43.913809	13.823886	-8.926771	-0.071086	0.77717	0.264024		-1.54594715	-24.29660415
43.85694	14.445622	-8.715552	-0.084517	0.772746	0.266692		-0.904307	-24.065481
43.789326	15.063819	-8.502198	-0.097846	0.768161	0.26928		-0.2624451	-23.8284621
43.71105	15.678348	-8.286774	-0.111073	0.763417	0.271788		0.3794805	-23.5856415
43.622191	16.289081	-8.069343	-0.124199	0.758515	0.274216		1.02131415	-23.33710985
43.522832	16.895893	-7.84997	-0.137223	0.753459	0.276565		1.6629018	-23.0829612
43.413054	17.498661	-7.628718	-0.150144	0.748251	0.278836		2.3040921	-22.8232869
43.292938	18.097262	-7.405649	-0.162963	0.742893	0.281029		2.9447337	-22.5581773
43.162568	18.691576	-7.180826	-0.17568	0.737386	0.283144		3.5846772	-22.2877248
43.022024	19.281484	-6.954311	-0.188293	0.731733	0.285183		4.2237756	-22.0120194
42.87139	19.86687	-6.726165	-0.200804	0.725935	0.287146		4.8618835	-21.7311515
42.710746	20.447618	-6.496448	-0.213212	0.719995	0.289033		5.4988569	-21.4452091
42.540177	21.023614	-6.265221	-0.225516	0.713914	0.290845		6.13455205	-21.15428295
42.359764	21.594746	-6.032545	-0.237717	0.707694	0.292583		6.7688286	-20.8584624
42.169591	22.160901	-5.798479	-0.249814	0.701337	0.294246		7.40154415	-20.55783585
41.96974	22.72197	-5.563082	-0.261807	0.694844	0.295836		8.032561	-20.252491
41.760294	23.277845	-5.326413	-0.273697	0.688216	0.297353		8.6617421	-19.9425159
41.541336	23.828418	-5.088531	-0.285482	0.681456	0.298796		9.2889504	-19.6279986
41.31295	24.373583	-4.849494	-0.297163	0.674565	0.300167		9.9140505	-19.3090265
41.07522	24.913235	-4.60936	-0.30874	0.667543	0.301466		10.536908	-18.985687
40.828228	25.447269	-4.368187	-0.320212	0.660393	0.302694		11.1573892	-18.6580668
40.572059	25.975584	-4.126032	-0.331578	0.653116	0.30385		11.77536335	-18.32625265
40.306796	26.498076	-3.882952	-0.34284	0.645712	0.304935		12.3906974	-17.9903306
40.032524	27.014646	-3.639004	-0.353997	0.638184	0.305949		13.0032626	-17.6503874
39.749326	27.525193	-3.394245	-0.365047	0.630531	0.306892		13.6129289	-17.3065091
39.457289	28.029618	-3.148731	-0.375992	0.622756	0.307766		14.21956685	-16.95878215
39.156495	28.527823	-2.902519	-0.386831	0.61486	0.308569		14.82304975	-16.60729225
38.847031	29.019711	-2.655663	-0.397563	0.606843	0.309303		15.42325015	-16.25212385
38.528981	29.505185	-2.408221	-0.408188	0.598706	0.309967		16.02004165	-15.89336435
38.20243	29.984149	-2.160247	-0.418706	0.59045	0.310562		16.6132985	-15.5310975
37.867465	30.45651	-1.911798	-0.429117	0.582077	0.311087		17.20289725	-15.16541075
37.524172	30.922172	-1.662928	-0.43942	0.573587	0.311544		17.7887118	-14.7963882
37.172636	31.381041	-1.413693	-0.449614	0.564981	0.311932		18.3706184	-14.4241156
36.812944	31.833026	-1.164147	-0.4597	0.556259	0.312251		18.9484956	-14.0486774
36.445184	32.278033	-0.914347	-0.469677	0.547423	0.312501		19.5222186	-13.6701614
36.069442	32.715971	-0.664346	-0.479545	0.538473	0.312683		20.0916663	-13.2886507
35.685806	33.146749	-0.4142	-0.489302	0.52941	0.312796		20.6567169	-12.9042321
35.294365	33.570277	-0.163963	-0.498949	0.520234	0.312841		21.21724925	-12.51699075
34.895205	33.986464	0.086309	-0.508485	0.510947	0.312817		21.77314225	-12.12701275
34.488417	34.395222	0.336563	-0.517909	0.501548	0.312725		22.32427605	-11.73438295
34.07409	34.79646	0.586743	-0.527221	0.492039	0.312565		22.8705285	-11.3391885
33.652314	35.190091	0.836795	-0.53642	0.482419	0.312336		23.4117811	-10.9415149
33.223178	35.576026	1.086664	-0.545505	0.47269	0.312039		23.9479137	-10.5414483
32.786773	35.954178	1.336295	-0.554477	0.462852	0.311673		24.47880745	-10.13907555
32.343192	36.32446	1.585634	-0.563333	0.452906	0.311239		25.0043428	-9.7344832
31.892525	36.686785	1.834625	-0.572074	0.442851	0.310736		25.52440125	-9.32775875
31.434866	37.041065	2.083214	-0.580698	0.432689	0.310165		26.0388619	-8.9189891
30.970307	37.387216	2.331346	-0.589205	0.422419	0.309524		26.54760855	-8.50826145
30.498943	37.725151	2.578965	-0.597594	0.412042	0.308815		27.05052095	-8.09566505
30.020868	38.054785	2.826017	-0.605864	0.401559	0.308037		27.5474812	-7.6812868
29.536177	38.376033	3.072447	-0.614014	0.39097	0.307189		28.03837105	-7.26521495
29.044965	38.688809	3.318198	-0.622043	0.380276	0.306271		28.52307125	-6.84753975
28.547331	38.99303	3.563215	-0.62995	0.369475	0.305285		29.00146415	-6.42835085
28.043371	39.28861	3.807442	-0.637734	0.35857	0.304228		29.47343015	-6.00773785
27.533184	39.575466	4.050825	-0.645394	0.34756	0.303101		29.9388516	-5.5857894
27.016869	39.853513	4.293305	-0.652929	0.336445	0.301903		30.39760885	-5.16259915
26.494526	40.122669	4.534828	-0.660337	0.325226	0.300635		30.8495849	-4.7382561
25.966257	40.38285	4.775336	-0.667617	0.313903	0.299296		31.29466005	-4.31285395
25.432163	40.633973	5.014773	-0.674769	0.302477	0.297886		31.73271595	-3.88648405
24.892347	40.875954	5.253082	-0.681791	0.290947	0.296405		32.16363255	-3.45923945
24.346915	41.108712	5.490206	-0.68868	0.279314	0.294851		32.58729175	-3.03121425
23.795971	41.332163	5.726087	-0.695437	0.267578	0.293225		33.00357315	-2.60250285
23.239621	41.546225	5.960667	-0.702059	0.255739	0.291527		33.41235765	-2.17320035
22.677974	41.750816	6.193888	-0.708545	0.243798	0.289755		33.8135251	-1.7434029
22.111138	41.945855	6.425692	-0.714894	0.231755	0.28791		34.2069567	-1.3132063
21.539223	42.131259	6.65602	-0.721103	0.21961	0.285991		34.59253095	-0.88270805
20.96234	42.306947	6.884813	-0.727171	0.207363	0.283998		34.970128	-0.452006
20.380604	42.472837	7.112012	-0.733096	0.195015	0.281931		35.3396256	-0.0211994
19.794127	42.628849	7.337557	-0.738877	0.182566	0.279788		35.70090455	0.40961255
19.203026	42.774901	7.561387	-0.744511	0.170015	0.277569		36.0538419	0.8403279
18.607417	42.910914	7.783442	-0.749997	0.157365	0.275275		36.39831805	1.27084605
18.00742	43.036805	8.003662	-0.755332	0.144613	0.272903		36.734208	1.701065
17.403154	43.152496	8.221985	-0.760515	0.131762	0.270455		37.0613921	2.1308811
16.794742	43.257906	8.438349	-0.765543	0.118812	0.267928		37.3797463	2.5601893
16.182308	43.352955	8.652691	-0.770414	0.105761	0.265324		37.6891472	2.9888832
15.565977	43.437564	8.86495	-0.775126	0.092612	0.26264		37.98947205	3.41685805
14.945876	43.511654	9.075063	-0.779677	0.079365	0.259877		38.2805974	3.8440064
14.322135	43.575146	9.282964	-0.784063	0.066019	0.257034		38.56239875	4.27021675
13.694884	43.627961	9.488592	-0.788283	0.052575	0.25411		38.8347516	4.6953826
13.064258	43.67002	9.69188	-0.792334	0.039034	0.251105		39.0975297	5.1193897
12.430391	43.701247	9.892764	-0.796213	0.025396	0.248018		39.35061015	5.54212715
11.79342	43.721564	10.091178	-0.799918	0.011661	0.244848		39.593867	5.963481
11.153486	43.730893	10.287056	-0.803445	-0.002169	0.241594		39.8271729	6.3833359
10.51073	43.729158	10.480332	-0.806792	-0.016094	0.238257		40.0504025	6.8015765
9.865296	43.716282	10.670937	-0.809956	-0.030114	0.234835		40.2634284	7.2180834
9.217331	43.692191	10.858805	-0.812934	-0.044228	0.231327		40.46612515	7.63273915
8.566984	43.656809	11.043867	-0.815721	-0.058435	0.227733		40.6583646	8.0454226
7.914407	43.610061	11.226053	-0.818317	-0.072734	0.224052		40.84001855	8.45601055
7.259753	43.551874	11.405295	-0.820715	-0.087124	0.220284		41.01096045	8.86438145
6.603181	43.482175	11.581522	-0.822914	-0.101606	0.216427		41.17106165	9.27040865
5.94485	43.40089	11.754664	-0.82491	-0.116177	0.21248		41.3201925	9.6739665
5.284921	43.307949	11.924648	-0.826699	-0.130836	0.208444		41.45822665	10.07492565
4.623562	43.20328	12.091403	-0.828277	-0.145583	0.204317		41.5850333	10.4731563
3.96094	43.086814	12.254856	-0.829641	-0.160416	0.200098		41.700485	10.868527
3.297227	42.958481	12.414934	-0.830786	-0.175334	0.195786		41.80445155	11.26090455
2.632599	42.818213	12.571564	-0.831708	-0.190336	0.191382		41.89680335	11.65015435
1.967232	42.665944	12.724669	-0.832404	-0.20542	0.186883		41.9774128	12.0361378
1.301309	42.501608	12.874175	-0.832868	-0.220585	0.18229		42.04614985	12.41871685
0.635014	42.32514	13.020007	-0.833097	-0.235828	0.1776		42.1028851	12.7977521
-0.031463	42.136478	13.162088	-0.833085	-0.251149	0.172815		42.14749005	13.17310005
-0.697932	41.935559	13.300339	-0.832829	-0.266545	0.167932		42.1798352	13.5446152
-1.364195	41.722323	13.434685	-0.832323	-0.282014	0.162951		42.19979125	13.91215325
-2.030054	41.496712	13.565045	-0.831563	-0.297554	0.157871		42.2072309	14.2755639
-2.695304	41.258668	13.691342	-0.830543	-0.313163	0.152691		42.2020244	14.6346984
-3.359739	41.008137	13.813494	-0.829259	-0.328839	0.147411		42.18404565	14.98940265
-4.023146	40.745066	13.931423	-0.827705	-0.344578	0.142029		42.1531671	15.3395241
-4.685311	40.469403	14.045046	-0.825876	-0.360378	0.136546		42.10926185	15.68490485
-5.346011	40.181101	14.154283	-0.823766	-0.376237	0.130959		42.05220485	16.02538685
-6.005024	39.880111	14.25905	-0.82137	-0.39215	0.12527		41.9818694	16.3608084
-6.66212	39.566391	14.359266	-0.818682	-0.408115	0.119476		41.898133	16.691008
-7.317065	39.239899	14.454846	-0.815696	-0.424128	0.113577		41.80087175	17.01581875
-7.969622	38.900596	14.545708	-0.812406	-0.440186	0.107572		41.6899637	17.3350757
-8.619546	38.548448	14.631766	-0.808806	-0.456284	0.101462		41.5652891	17.6486071
-9.266591	38.18342	14.712935	-0.804891	-0.472419	0.095245		41.42672685	17.95624185
-9.910504	37.805485	14.789131	-0.800653	-0.488586	0.088921		41.2741614	18.2578074
-10.551026	37.414617	14.860268	-0.796086	-0.504779	0.082489		41.1074761	18.5531271
-11.187895	37.010793	14.926259	-0.791184	-0.520996	0.075949		40.92655625	18.84202225
-11.820842	36.593996	14.987018	-0.78594	-0.53723	0.0693		40.7312907	19.1243127
-12.449594	36.164213	15.042459	-0.780347	-0.553475	0.062543		40.5215709	19.3998169
-13.073872	35.721433	15.092493	-0.7744	-0.569726	0.055677		40.2972882	19.6683482
-13.693391	35.265652	15.137035	-0.768089	-0.585977	0.048702		40.05833885	19.92972185
-14.307863	34.79687	15.175996	-0.76141	-0.602222	0.041617		39.80462205	20.18374805
-14.916991	34.315092	15.209289	-0.754354	-0.618453	0.034423		39.53603885	20.43023585
-15.520474	33.82033	15.236828	-0.746915	-0.634664	0.027119		39.2524959	20.6689939
-16.118006	33.312599	15.258523	-0.739085	-0.650846	0.019707		38.9539011	20.8998251
-16.709274	32.791922	15.274289	-0.730857	-0.666993	0.012186		38.6401679	21.1225349
-17.29396	32.258327	15.284038	-0.722225	-0.683096	0.004557		38.311213	21.336924
-17.871739	31.711851	15.287683	-0.71318	-0.699145	-0.00318		37.96695965	21.54279165
-18.442283	31.152535	15.285139	-0.703715	-0.715132	-0.011025		37.60733405	21.73993805
-19.005255	30.580429	15.276319	-0.693824	-0.731048	-0.018975		37.23226825	21.92815825
-19.560315	29.995591	15.261139	-0.683499	-0.746882	-0.027031		36.84170125	22.10724925
-20.107113	29.398085	15.239514	-0.672732	-0.762623	-0.035191		36.43557455	22.27700355
-20.645299	28.787986	15.211361	-0.661517	-0.778261	-0.043454		36.01384065	22.43721565
-21.174513	28.165377	15.176597	-0.649847	-0.793784	-0.051819		35.57645655	22.58767655
-21.694391	27.53035	15.135142	-0.637715	-0.809181	-0.060283		35.12338685	22.72817885
-22.204562	26.883005	15.086916	-0.625113	-0.824437	-0.068845		34.6546017	22.8585127
-22.704653	26.223456	15.03184	-0.612036	-0.839541	-0.077503		34.17008455	22.97846855
-23.194282	25.551823	14.969837	-0.598478	-0.854478	-0.086254		33.6698217	23.0878357
-23.673064	24.868241	14.900834	-0.584431	-0.869234	-0.095096		33.1538134	23.1864064
-24.140609	24.172854	14.824758	-0.569889	-0.883794	-0.104025		32.62206715	23.27397115
-24.59652	23.465819	14.741538	-0.554849	-0.898144	-0.11304		32.074601	23.35032
-25.040399	22.747304	14.651106	-0.539303	-0.912266	-0.122135		31.51144365	23.41524565
-25.471842	22.017491	14.553398	-0.523247	-0.926144	-0.131309		30.9326357	23.4685427
-25.89044	21.276576	14.44835	-0.506678	-0.939761	-0.140556		30.33823	23.510004
-26.295782	20.524767	14.335906	-0.489589	-0.953099	-0.149872		29.7282907	23.5394297
-26.687453	19.762288	14.216008	-0.471979	-0.966139	-0.159252		29.10289655	23.55661655
-27.065037	18.989376	14.088606	-0.453845	-0.978863	-0.168692		28.46213895	23.56136895
-27.428112	18.206286	13.953652	-0.435183	-0.99125	-0.178186		27.8061252	23.5534912
-27.776259	17.413286	13.811103	-0.415992	-1.003281	-0.187728		27.13497665	23.53279365
-28.109053	16.610661	13.660921	-0.396272	-1.014934	-0.197312		26.44882955	23.49908955
-28.42607	15.798713	13.503071	-0.376023	-1.026189	-0.206931		25.7478375	23.4521955
-28.726889	14.977762	13.337526	-0.355244	-1.037023	-0.216579		25.03217315	23.39193715
-29.011084	14.148144	13.164263	-0.333938	-1.047413	-0.226247		24.3020234	23.3181424
-29.278234	13.310214	12.983265	-0.312107	-1.057338	-0.235927		23.5575959	23.2306469
-29.527919	12.464344	12.794523	-0.289755	-1.066773	-0.245613		22.79911565	23.12929465
-29.759723	11.610925	12.598033	-0.266887	-1.075695	-0.255293		22.02682805	23.01393605
-29.973233	10.750369	12.393798	-0.243508	-1.08408	-0.26496		21.24100055	22.88442955
-30.168039	9.883105	12.18183	-0.219626	-1.091904	-0.274604		20.44191865	22.74064365
-30.34374	9.009582	11.962147	-0.195249	-1.099142	-0.284214		19.629891	22.582456
-30.499939	8.130268	11.734776	-0.170387	-1.105769	-0.293779		18.80524665	22.40975465
-30.636248	7.245653	11.499752	-0.145051	-1.111761	-0.30329		17.9683398	22.2224388
-30.752289	6.356244	11.257121	-0.119254	-1.117093	-0.312733		17.11954515	22.02042215
-30.847692	5.462569	11.006935	-0.09301	-1.121741	-0.322097		16.2592612	21.8036272
-30.9221	4.565176	10.749257	-0.066335	-1.125679	-0.33137		15.387911	21.571992
-30.975168	3.664633	10.484161	-0.039246	-1.128884	-0.340539		14.5059418	21.3254698
-31.006565	2.761526	10.21173	-0.011762	-1.131332	-0.34959		13.61382375	21.06402775
-31.015974	1.856461	9.932057	0.016096	-1.132999	-0.358511		12.7120519	20.7876479
-31.003098	0.950061	9.645249	0.044305	-1.133864	-0.367287		11.8011453	20.4963333
-30.967654	0.042971	9.351419	0.072842	-1.133903	-0.375904		10.8816499	20.1900979
-30.90938	-0.864152	9.050695	0.10168	-1.133097	-0.384349		9.954131	19.868978
-30.828037	-1.770629	8.743216	0.130791	-1.131425	-0.392605		9.01918395	19.53302895
-30.723404	-2.675769	8.429132	0.160147	-1.128868	-0.400659		8.0774224	19.1823234
-30.595286	-3.578864	8.108605	0.189716	-1.125409	-0.408496		7.1294861	18.8169551
-30.443513	-4.479191	7.781809	0.219466	-1.121032	-0.4161		6.17603855	18.43703855
-30.26794	-5.376017	7.448929	0.249362	-1.115722	-0.423458		5.217762	18.042708
-30.06845	-6.268595	7.110163	0.279368	-1.109467	-0.430553		4.2553625	17.6341205
-29.844955	-7.156168	6.76572	0.309448	-1.102254	-0.437372		3.28956625	17.21145425
-29.597397	-8.037971	6.415823	0.339561	-1.094076	-0.4439		2.32111795	16.77491195
-29.325748	-8.913232	6.060703	0.369669	-1.084925	-0.450122		1.3507798	16.3247148
-29.030013	-9.781172	5.700606	0.39973	-1.074797	-0.456025		0.37933255	15.86111055
-28.710229	-10.64101	5.335786	0.429702	-1.063688	-0.461595		-0.59242985	15.38436615
-28.366468	-11.49196	4.96651	0.459542	-1.051599	-0.46682		-1.5636962	14.8947738
-27.998834	-12.333239	4.593054	0.489207	-1.038532	-0.471686		-2.5336471	14.3926459
-27.607468	-13.164065	4.215705	0.518652	-1.024491	-0.476182		-3.5014512	13.8783188
-27.192546	-13.983658	3.834759	0.547833	-1.009485	-0.480298		-4.4662669	13.3521501
-26.75428	-14.791246	3.450521	0.576705	-0.993523	-0.484021		-5.427248	12.814519
-26.292916	-15.586065	3.063304	0.605223	-0.976618	-0.487344		-6.3835444	12.2658246
-25.808737	-16.367359	2.673429	0.633343	-0.958785	-0.490257		-7.33430105	11.70648695
-25.302062	-17.134387	2.281224	0.661021	-0.940042	-0.492752		-8.2786653	11.1369457
-24.773245	-17.886421	1.887022	0.688213	-0.920409	-0.494823		-9.21578525	10.55765775
-24.222675	-18.622748	1.491163	0.714877	-0.899909	-0.496465		-10.14481175	9.96909925
-23.650773	-19.342675	1.093991	0.740971	-0.878568	-0.497672		-11.06490445	9.37176155
-23.057996	-20.04553	0.695854	0.766455	-0.856414	-0.498441		-11.9752314	8.7661526
-22.444831	-20.730661	0.297101	0.79129	-0.833476	-0.49877		-12.87497015	8.15279185
-21.811799	-21.397441	-0.101914	0.815438	-0.809786	-0.498657		-13.76331135	7.53221565
-21.159448	-22.04527	-0.50084	0.838865	-0.785379	-0.498102		-14.6394632	6.9049668
-20.488357	-22.673574	-0.899322	0.861535	-0.760291	-0.497107		-15.50264905	6.27160295
-19.799129	-23.281806	-1.297007	0.883418	-0.734559	-0.495674		-16.35211085	5.63268815
-19.092394	-23.869453	-1.693546	0.904484	-0.708222	-0.493805		-17.1871151	4.9887919
-18.368807	-24.43603	-2.08859	0.924706	-0.68132	-0.491506		-18.00694755	4.34049245
-17.629042	-24.981086	-2.481795	0.944059	-0.653896	-0.488781		-18.8109213	3.6883697
-16.873794	-25.504203	-2.87282	0.962522	-0.625991	-0.485638		-19.5983751	3.0330079
-16.103777	-26.004996	-3.26133	0.980073	-0.597649	-0.482084		-20.36867405	2.37499195
-15.319719	-26.483115	-3.646997	0.996696	-0.568913	-0.478126		-21.12121335	1.71490465
-14.522363	-26.938245	-4.029498	1.012376	-0.539827	-0.473776		-21.85541795	1.05332905
-13.712462	-27.370107	-4.408519	1.027101	-0.510436	-0.469041		-22.5707453	0.3908427
-12.890781	-27.778456	-4.783752	1.040861	-0.480783	-0.463935		-23.26668265	-0.27197865
-12.058092	-28.163082	-5.1549	1.053651	-0.450912	-0.458467		-23.9427498	-0.9345678
-11.215172	-28.523812	-5.521674	1.065464	-0.420866	-0.452651		-24.5985018	-1.5963638
-10.3628	-28.860505	-5.883795	1.0763	-0.390689	-0.446499		-25.233525	-2.256815
-9.501761	-29.173056	-6.240994	1.086158	-0.360422	-0.440024		-25.84743965	-2.91537765
-8.632834	-29.461394	-6.593013	1.095041	-0.330107	-0.43324		-26.4399021	-3.5715211
-7.756802	-29.72548	-6.939605	1.102954	-0.299783	-0.426161		-27.0105993	-4.2247243
-6.874439	-29.965306	-7.280533	1.109904	-0.26949	-0.4188		-27.55925235	-4.87447935
-5.986516	-30.180898	-7.615573	1.115899	-0.239265	-0.411174		-28.0856174	-5.5202924
-5.093797	-30.372309	-7.944512	1.12095	-0.209144	-0.403295		-28.58948005	-6.16168305
-4.197037	-30.539625	-8.267148	1.125071	-0.179164	-0.395179		-29.07066205	-6.79818505
-3.29698	-30.682956	-8.583292	1.128273	-0.149357	-0.386841		-29.529013	-7.429349
-2.394361	-30.802441	-8.892764	1.130574	-0.119755	-0.378295		-29.96441465	-8.05473765
-1.489902	-30.898245	-9.1954	1.13199	-0.090388	-0.369555		-30.3767793	-8.6739343
-0.58431	-30.970555	-9.491044	1.13254	-0.061286	-0.360637		-30.7660465	-9.2865355
0.321722	-31.019584	-9.779554	1.132241	-0.032475	-0.351554		-31.1321867	-9.8921567
1.227515	-31.045564	-10.060796	1.131114	-0.003982	-0.34232		-31.47519425	-10.49042625
2.132406	-31.04875	-10.334652	1.129181	0.024171	-0.332949		-31.7950921	-11.0809941
3.03575	-31.029413	-10.601011	1.126462	0.05196	-0.323455		-32.0919255	-11.6635235
3.93692	-30.987845	-10.859775	1.12298	0.079366	-0.31385		-32.365767	-12.237697
4.835304	-30.924352	-11.110856	1.118758	0.10637	-0.304148		-32.6167084	-12.8032124
5.73031	-30.839256	-11.354174	1.113818	0.132953	-0.294361		-32.8448645	-13.3597825
6.621365	-30.732894	-11.589664	1.108185	0.159099	-0.284501		-33.05037175	-13.90714175
7.507913	-30.605614	-11.817264	1.101881	0.184796	-0.274579		-33.23338355	-14.44503355
8.389418	-30.457778	-12.036928	1.094931	0.210028	-0.264607		-33.3940743	-14.9732243
9.265363	-30.289755	-12.248614	1.087358	0.234786	-0.254596		-33.53263205	-15.49149105
10.13525	-30.101927	-12.452291	1.079186	0.259058	-0.244555		-33.6492645	-15.9996285
10.998598	-29.89468	-12.647935	1.070438	0.282835	-0.234495		-33.7441893	-16.4974443
11.854949	-29.668412	-12.835531	1.061138	0.30611	-0.224426		-33.81764415	-16.98476315
12.703859	-29.423524	-13.015072	1.051308	0.328877	-0.214356		-33.86987465	-17.46142265
13.544905	-29.160422	-13.186556	1.040972	0.351128	-0.204293		-33.90113875	-17.92727275
14.377683	-28.87952	-13.349991	1.030153	0.372861	-0.194247		-33.91170905	-18.38218005
15.201805	-28.581231	-13.505389	1.018871	0.394071	-0.184225		-33.90186275	-18.82602075
16.016902	-28.265974	-13.652769	1.00715	0.414756	-0.174234		-33.8718897	-19.2586847
16.822622	-27.93417	-13.792155	0.99501	0.434914	-0.164281		-33.8220877	-19.6800727
17.618631	-27.586238	-13.92358	0.982473	0.454545	-0.154373		-33.75275885	-20.09010085
18.404609	-27.222603	-14.047078	0.969558	0.473648	-0.144515		-33.66421615	-20.48869115
19.180255	-26.843684	-14.16269	0.956285	0.492223	-0.134715		-33.55677325	-20.87577925
19.945283	-26.449906	-14.270462	0.942674	0.510273	-0.124977		-33.43075505	-21.25131105
20.699423	-26.041687	-14.370444	0.928744	0.527799	-0.115305		-33.28648505	-21.61524205
21.442418	-25.619448	-14.462688	0.914512	0.544803	-0.105706		-33.1242943	-21.9675343
22.174028	-25.183606	-14.547253	0.899997	0.561288	-0.096184		-32.9445158	-22.3081628
22.894026	-24.734576	-14.6242	0.885216	0.577258	-0.086742		-32.7474851	-22.6371091
23.602198	-24.27277	-14.693593	0.870184	0.592716	-0.077384		-32.5335393	-22.9543623
24.298346	-23.798597	-14.7555	0.854919	0.607667	-0.068114		-32.3030181	-23.2599211
24.982281	-23.312463	-14.809992	0.839436	0.622115	-0.058935		-32.05626135	-23.55379035
25.65383	-22.814771	-14.85714	0.82375	0.636066	-0.049851		-31.7936115	-23.8359805
26.31283	-22.305918	-14.89702	0.807875	0.649524	-0.040863		-31.5154085	-24.1065105
26.95913	-21.786299	-14.92971	0.791824	0.662494	-0.031974		-31.2219945	-24.3654055
27.592589	-21.256304	-14.95529	0.775613	0.674983	-0.023188		-30.91371015	-24.61269615
28.21308	-20.716318	-14.97384	0.759253	0.686996	-0.014505		-30.590896	-24.848418
28.820482	-20.166721	-14.985444	0.742756	0.698539	-0.005927		-30.2538897	-25.0726127
29.414687	-19.60789	-14.990186	0.726136	0.709618	0.002543		-29.90303045	-25.28532645
29.995596	-19.040195	-14.988152	0.709402	0.72024	0.010904		-29.5386536	-25.4866106
30.563118	-18.464003	-14.979428	0.692567	0.730411	0.019155		-29.1610943	-25.6765193
31.117171	-17.879675	-14.964104	0.675641	0.740137	0.027295		-28.77068485	-25.85511385
31.657684	-17.287565	-14.942268	0.658633	0.749424	0.035323		-28.3677544	-26.0224574
32.18459	-16.688026	-14.91401	0.641553	0.75828	0.043237		-27.9526325	-26.1786165
32.697832	-16.081402	-14.87942	0.624411	0.766711	0.051038		-27.5256432	-26.3236612
33.197361	-15.468033	-14.838589	0.607216	0.774723	0.058724		-27.08710935	-26.45766535
33.683134	-14.848255	-14.79161	0.589976	0.782323	0.066295		-26.6373519	-26.5807069
34.155115	-14.222397	-14.738574	0.572698	0.789517	0.07375		-26.17668725	-26.69286425
34.613273	-13.590783	-14.679574	0.555392	0.796312	0.08109		-25.70542855	-26.79421955
35.057587	-12.953734	-14.614702	0.538064	0.802715	0.088314		-25.22388945	-26.88485745
35.488038	-12.311562	-14.544051	0.520721	0.808732	0.095421		-24.7323753	-26.9648643
35.904615	-11.664576	-14.467714	0.50337	0.814369	0.102413		-24.23119125	-27.03432925
36.307311	-11.013081	-14.385784	0.486018	0.819632	0.109288		-23.72063985	-27.09334285
36.696125	-10.357376	-14.298353	0.46867	0.824528	0.116048		-23.20101975	-27.14199675
37.071061	-9.697753	-14.205515	0.451333	0.829064	0.122691		-22.67262435	-27.18038635
37.432127	-9.034502	-14.107362	0.434011	0.833244	0.129219		-22.13574645	-27.20860645
37.779336	-8.367906	-14.003987	0.416712	0.837076	0.135632		-21.5906736	-27.2267546
38.112705	-7.698245	-13.895482	0.399438	0.840565	0.14193		-21.03769175	-27.23492875
38.432256	-7.025793	-13.781938	0.382196	0.843717	0.148113		-20.4770826	-27.2332276
38.738013	-6.350819	-13.663448	0.36499	0.846538	0.154181		-19.90912355	-27.22175255
39.030005	-5.673589	-13.540103	0.347825	0.849033	0.160136		-19.33409075	-27.20060475
39.308265	-4.994362	-13.411994	0.330703	0.851209	0.165978		-18.75225475	-27.16988675
39.572827	-4.313395	-13.279211	0.313631	0.85307	0.171707		-18.16388445	-27.12970045
39.823732	-3.63094	-13.141845	0.29661	0.854621	0.177324		-17.5692462	-27.0801512
40.06102	-2.947242	-12.999986	0.279646	0.855869	0.182829		-16.968599	-27.021343
40.284737	-2.262547	-12.853723	0.26274	0.856819	0.188223		-16.36220495	-26.95338095
40.494929	-1.577092	-12.703144	0.245898	0.857475	0.193506		-15.75031715	-26.87636915
40.691647	-0.891112	-12.548339	0.229121	0.857842	0.19868		-15.13318845	-26.79041545
40.874944	-0.204838	-12.389395	0.212413	0.857926	0.203744		-14.5110684	-26.6956254
41.044874	0.481503	-12.2264	0.195776	0.857731	0.2087		-13.8842029	-26.5921059
41.201496	1.167688	-12.05944	0.179214	0.857261	0.213548		-13.2528356	-26.4799636
41.344867	1.853497	-11.888602	0.162728	0.856522	0.218288		-12.61720645	-26.35930545
41.475049	2.538715	-11.713971	0.146322	0.855518	0.222922		-11.97755215	-26.23023815
41.592107	3.223129	-11.535634	0.129997	0.854253	0.22745		-11.33410845	-26.09287145
41.696105	3.906532	-11.353674	0.113756	0.852731	0.231872		-10.68710475	-25.94731075
41.78711	4.588717	-11.168177	0.097601	0.850957	0.23619		-10.0367715	-25.7936655
41.865191	5.269483	-10.979225	0.081534	0.848935	0.240403		-9.38333385	-25.63204185
41.930418	5.948631	-10.786902	0.065557	0.846668	0.244513		-8.7270153	-25.4625483
41.982864	6.625966	-10.591292	0.049671	0.844161	0.248521		-8.0680364	-25.2852944
42.022601	7.301295	-10.392475	0.033879	0.841417	0.252427		-7.40661535	-25.10038535
42.049704	7.974429	-10.190533	0.018182	0.838441	0.256231		-6.7429674	-24.9079294
42.064249	8.645181	-9.985549	0.002582	0.835234	0.259934		-6.07730615	-24.70803615
42.066314	9.313369	-9.777602	-0.012921	0.831802	0.263537		-5.4098409	-24.5008119
42.055978	9.97881	-9.566772	-0.028323	0.828148	0.267041		-4.7407823	-24.2863643
42.03332	10.641329	-9.353139	-0.043624	0.824274	0.270446		-4.070333	-24.064801
41.99842	11.300748	-9.136783	-0.058823	0.820184	0.273752		-3.398699	-23.83623
41.951362	11.956895	-8.917781	-0.073917	0.815882	0.276961		-2.7260817	-23.6007577
41.892228	12.609601	-8.696212	-0.088907	0.81137	0.280073		-2.0526788	-23.3584918
41.821103	13.258697	-8.472154	-0.10379	0.806652	0.283088		-1.37868905	-23.10954005
41.73807	13.904018	-8.245684	-0.118566	0.801729	0.286007		-0.7043065	-22.8540085
41.643217	14.545402	-8.016879	-0.133234	0.796606	0.28883		-0.02972395	-22.59200495
41.53663	15.182687	-7.785815	-0.147791	0.791285	0.291559		0.6448665	-22.3236355
41.418397	15.815715	-7.552567	-0.162238	0.785769	0.294193		1.31927605	-22.04900595
41.288607	16.44433	-7.317213	-0.176573	0.780059	0.296734		1.99331755	-21.76822545
41.147349	17.068378	-7.079826	-0.190795	0.77416	0.299181		2.66680585	-21.48139815
40.994713	17.687706	-6.840481	-0.204903	0.768073	0.301535		3.33955645	-21.18863055
40.83079	18.302164	-6.599253	-0.218897	0.7618	0.303797		4.0113875	-20.8900295
40.655673	18.911604	-6.356216	-0.232774	0.755345	0.305966		4.68211845	-20.58570155
40.469454	19.51588	-6.111442	-0.246535	0.748709	0.308044		5.3515711	-20.2757509
40.272225	20.114847	-5.865007	-0.260179	0.741894	0.310031		6.01956825	-19.96028575
40.064082	20.708363	-5.616982	-0.273703	0.734904	0.311928		6.6859343	-19.6394107
39.84512	21.296285	-5.36744	-0.287109	0.727739	0.313733		7.350493	-19.313232
39.615433	21.878476	-5.116453	-0.300394	0.720402	0.315449		8.01307445	-18.98185455
39.375117	22.454798	-4.864093	-0.313558	0.712895	0.317075		8.67350705	-18.64538395
39.124271	23.025113	-4.610433	-0.3266	0.705219	0.318612		9.33161815	-18.30392785
38.862991	23.589289	-4.355543	-0.339519	0.697378	0.32006		9.98724215	-17.95758985
38.591376	24.147191	-4.099495	-0.352314	0.689372	0.321419		10.6402094	-17.6064766
38.309525	24.698688	-3.84236	-0.364984	0.681203	0.32269		11.29035425	-17.25069375
38.017537	25.24365	-3.584207	-0.377529	0.672873	0.323873		11.93751205	-16.89034495
37.715514	25.781949	-3.325109	-0.389948	0.664384	0.324968		12.5815191	-16.5255389
37.403556	26.313456	-3.065135	-0.402238	0.655737	0.325975		13.2222114	-16.1563796
37.081765	26.838045	-2.804355	-0.414401	0.646935	0.326895		13.85942725	-15.78297275
36.750244	27.355593	-2.542839	-0.426434	0.637977	0.327727		14.4930076	-15.4054244
36.409096	27.865975	-2.280657	-0.438338	0.628867	0.328473		15.1227914	-15.0238406
36.058426	28.369069	-2.017879	-0.45011	0.619605	0.329132		15.7486199	-14.6383281
35.698338	28.864753	-1.754574	-0.46175	0.610193	0.329704		16.3703347	-14.2489923
35.328938	29.352907	-1.49081	-0.473257	0.600633	0.330189		16.9877787	-13.8559383
34.950333	29.833414	-1.226659	-0.48463	0.590925	0.330589		17.60079745	-13.45927555
34.562629	30.306154	-0.962188	-0.495868	0.581071	0.330901		18.20923385	-13.05910815
34.165934	30.77101	-0.697467	-0.50697	0.571072	0.331128		18.8129331	-12.6555439
33.760358	31.227868	-0.432564	-0.517935	0.56093	0.331269		19.4117427	-12.2486893
33.346011	31.676612	-0.167549	-0.528761	0.550645	0.331323		20.00550815	-11.83865285
32.923002	32.117128	0.097509	-0.539448	0.54022	0.331291		20.5940773	-11.4255417
32.491443	32.549304	0.362542	-0.549995	0.529654	0.331174		21.17729895	-11.00946305
32.051447	32.973028	0.627481	-0.5604	0.51895	0.33097		21.75502155	-10.59052545
31.603127	33.388188	0.892257	-0.570662	0.508108	0.33068		22.32709355	-10.16883745
31.146597	33.794674	1.156801	-0.58078	0.49713	0.330304		22.89336505	-9.74450795
30.681973	34.192378	1.421045	-0.590753	0.486016	0.329843		23.45368745	-9.31764555
30.20937	34.581191	1.684919	-0.60058	0.474768	0.329294		24.0079115	-8.8883605
29.728906	34.961005	1.948354	-0.610258	0.463386	0.32866		24.5558879	-8.4567631
29.2407	35.331713	2.211282	-0.619787	0.451872	0.32794		25.097468	-8.022963
28.74487	35.693211	2.473634	-0.629166	0.440226	0.327132		25.6325065	-7.5870705
28.241538	36.045392	2.73534	-0.638392	0.428451	0.326239		26.1608537	-7.1491983
27.730824	36.388152	2.996331	-0.647465	0.416545	0.325259		26.6823636	-6.7094574
27.212852	36.721388	3.256538	-0.656382	0.404512	0.324191		27.1968898	-6.2679602
26.687746	37.044998	3.515891	-0.665143	0.392351	0.323037		27.7042869	-5.8248201
26.155632	37.358878	3.774321	-0.673746	0.380063	0.321796		28.2044068	-5.3801502
25.616635	37.662929	4.031757	-0.682189	0.36765	0.320467		28.69710675	-4.93406525
25.070884	37.957048	4.288131	-0.69047	0.355112	0.319051		29.1822386	-4.4866784
24.518507	38.241138	4.543371	-0.698588	0.34245	0.317546		29.65966055	-4.03810645
23.959636	38.515098	4.797408	-0.706541	0.329666	0.315954		30.1292254	-3.5884646
23.394403	38.778831	5.050171	-0.714327	0.31676	0.314273		30.59078995	-3.13787005
22.822942	39.032239	5.30159	-0.721944	0.303733	0.312504		31.0442093	-2.6864397
22.245386	39.275225	5.551593	-0.729391	0.290586	0.310645		31.4893399	-2.2342921
21.661873	39.507694	5.800109	-0.736664	0.27732	0.308698		31.92603845	-1.78154655
21.072542	39.729551	6.047067	-0.743763	0.263936	0.306661		32.3541613	-1.3283227
20.477531	39.9407	6.292396	-0.750685	0.250435	0.304534		32.77356415	-0.87473985
19.876983	40.141048	6.536023	-0.757428	0.236818	0.302316		33.18410395	-0.42092105
19.271041	40.330503	6.777876	-0.763989	0.223086	0.300009		33.58563865	0.03301165
18.659849	40.508972	7.017883	-0.770367	0.209241	0.29761		33.97802485	0.48693585
18.043555	40.676364	7.255971	-0.776559	0.195282	0.29512		34.36111975	0.94072675
17.422308	40.83259	7.492067	-0.782563	0.181211	0.292538		34.7347822	1.3942592
16.796257	40.977558	7.726098	-0.788376	0.167029	0.289864		35.09886805	1.84740805
16.165556	41.111181	7.957989	-0.793996	0.152738	0.287098		35.4532364	2.3000444
15.53036	41.233372	8.187667	-0.799419	0.138338	0.284239		35.797746	2.752041
14.890824	41.344042	8.415058	-0.804644	0.123831	0.281286		36.1322536	3.2032696
14.247109	41.443107	8.640087	-0.809668	0.109218	0.278239		36.45661885	3.65359885
13.599375	41.530481	8.862678	-0.814487	0.0945	0.275098		36.77069975	4.10289675
12.947785	41.606081	9.082757	-0.8191	0.079678	0.271863		37.07435625	4.55103225
12.292505	41.669824	9.300248	-0.823502	0.064755	0.268532		37.36744725	4.99787125
11.633703	41.721627	9.515073	-0.827692	0.04973	0.265106		37.64983095	5.44327695
10.97155	41.761411	9.727158	-0.831665	0.034606	0.261583		37.9213685	5.8871155
10.306218	41.789097	9.936424	-0.835419	0.019385	0.257964		38.1819207	6.3292477
9.637883	41.804604	10.142795	-0.83895	0.004067	0.254247		38.43134495	6.76953595
8.966723	41.807858	10.346193	-0.842256	-0.011345	0.250433		38.66950495	7.20783995
8.292918	41.798782	10.546539	-0.845332	-0.02685	0.246521		38.8962607	7.6440177
7.616652	41.777302	10.743756	-0.848176	-0.042447	0.24251		39.1114738	8.0779278
6.938112	41.743344	10.937764	-0.850783	-0.058132	0.2384		39.3150048	8.5094248
6.257485	41.696839	11.128484	-0.85315	-0.073905	0.23419		39.50671925	8.93836425
5.574966	41.637715	11.315836	-0.855273	-0.089763	0.229881		39.6864769	9.3645979
4.890747	41.565904	11.499741	-0.857149	-0.105704	0.22547		39.85414255	9.78797955
4.205028	41.481341	11.680117	-0.858773	-0.121726	0.220959		40.0095812	10.2083572
3.51801	41.38396	11.856884	-0.860142	-0.137827	0.216346		40.1526565	10.6255805
2.829897	41.273699	12.029961	-0.861251	-0.154004	0.211631		40.28323505	11.03949705
2.140896	41.150496	12.199266	-0.862096	-0.170255	0.206813		40.4011824	11.4499524
1.451219	41.014292	12.364716	-0.862674	-0.186576	0.201893		40.50636535	11.85678935
0.76108	40.865031	12.52623	-0.862979	-0.202966	0.196869		40.598653	12.259852
0.070697	40.702658	12.683725	-0.863008	-0.219422	0.191741		40.67791405	12.65898105
-0.619709	40.52712	12.837118	-0.862755	-0.23594	0.186509		40.74401815	13.05401615
-1.309913	40.338369	12.986325	-0.862217	-0.252517	0.181172		40.79683855	13.44479455
-1.999686	40.136355	13.131263	-0.861388	-0.269149	0.17573		40.8362451	13.8311531
-2.688797	39.921036	13.271847	-0.860264	-0.285835	0.170183		40.86211495	14.21292595
-3.377008	39.692368	13.407994	-0.85884	-0.302569	0.164531		40.8743208	14.5899468
-4.064081	39.450313	13.539618	-0.857112	-0.319348	0.158772		40.87274135	14.96204635
-4.74977	39.194834	13.666636	-0.855074	-0.336168	0.152907		40.8572535	15.3290555
-5.433829	38.9259	13.788961	-0.85272	-0.353025	0.146936		40.82774015	15.69080115
-6.116005	38.643479	13.90651	-0.850047	-0.369915	0.140858		40.78408075	16.04711175
-6.796043	38.347548	14.019196	-0.847049	-0.386832	0.134673		40.72616305	16.39781105
-7.473682	38.038082	14.126934	-0.843721	-0.403773	0.128381		40.6538707	16.7427227
-8.148659	37.715063	14.229639	-0.840057	-0.420732	0.121983		40.56709365	17.08166965
-8.820704	37.378477	14.327225	-0.836051	-0.437704	0.115477		40.4657234	17.4144714
-9.489545	37.028313	14.419607	-0.8317	-0.454684	0.108865		40.34965375	17.74094775
-10.154905	36.664566	14.506699	-0.826996	-0.471666	0.102146		40.21878275	18.06091575
-10.816502	36.287233	14.588415	-0.821936	-0.488644	0.09532		40.0730087	18.3741907
-11.474051	35.896318	14.664671	-0.816512	-0.505612	0.088388		39.91223585	18.68058885
-12.12726	35.491829	14.735382	-0.81072	-0.522563	0.081351		39.73637	18.979923
-12.775836	35.073778	14.800463	-0.804554	-0.539491	0.074207		39.5453206	19.2720056
-13.419479	34.642186	14.859829	-0.798008	-0.556389	0.066959		39.33900365	19.55664665
-14.057886	34.197075	14.913396	-0.791077	-0.573249	0.059606		39.1173351	19.8336561
-14.690747	33.738476	14.961081	-0.783755	-0.590064	0.05215		38.88023745	20.10284245
-15.317752	33.266425	15.002801	-0.776037	-0.606825	0.044591		38.6276382	20.3640142
-15.938582	32.780964	15.038474	-0.767917	-0.623526	0.036929		38.3594677	20.6169777
-16.552915	32.282144	15.068017	-0.75939	-0.640156	0.029167		38.07566425	20.86153725
-17.160427	31.770018	15.09135	-0.75045	-0.656708	0.021304		37.77616745	21.09749945
-17.760787	31.244652	15.108394	-0.741091	-0.673172	0.013343		37.46092745	21.32466945
-18.35366	30.706115	15.119068	-0.731309	-0.689537	0.005285		37.129896	21.542849
-18.938707	30.154485	15.123296	-0.721098	-0.705795	-0.002869		36.78303245	21.75184345
-19.515585	29.589848	15.121001	-0.710453	-0.721935	-0.011116		36.42030275	21.95145575
-20.083948	29.0123	15.112108	-0.699369	-0.737946	-0.019456		36.0416818	22.1414898
-20.643443	28.421943	15.096543	-0.687842	-0.753817	-0.027886		35.64714805	22.32174805
-21.193717	27.81889	15.074234	-0.675867	-0.769536	-0.036404		35.23669095	22.49203495
-21.73441	27.203261	15.045111	-0.663438	-0.785092	-0.045007		34.8103045	22.6521545
-22.265161	26.575188	15.009105	-0.650553	-0.800471	-0.053693		34.36799435	22.80191135
-22.785603	25.934811	14.966151	-0.637207	-0.815662	-0.062459		33.90977205	22.94111205
-23.295369	25.282281	14.916183	-0.623396	-0.830651	-0.071303		33.43566015	23.06956215
-23.794085	24.61776	14.859141	-0.609117	-0.845424	-0.08022		32.94568975	23.18707075
-24.281379	23.941421	14.794966	-0.594366	-0.859968	-0.089207		32.43990365	23.29344865
-24.756872	23.253446	14.7236	-0.579142	-0.874268	-0.098262		31.9183512	23.3885052
-25.220185	22.554032	14.64499	-0.563441	-0.888309	-0.107379		31.38109675	23.47205475
-25.670938	21.843384	14.559087	-0.547262	-0.902076	-0.116555		30.8282123	23.5439153
-26.108748	21.121724	14.465843	-0.530603	-0.915553	-0.125785		30.2597858	23.6039048
-26.53323	20.389281	14.365215	-0.513463	-0.928724	-0.135065		29.6759115	23.6518455
-26.944	19.646302	14.257163	-0.495841	-0.941573	-0.144389		29.076702	23.687563
-27.340673	18.893043	14.141652	-0.477737	-0.954083	-0.153753		28.46227855	23.71088755
-27.722863	18.129776	14.01865	-0.459153	-0.966237	-0.163151		27.83277805	23.72165205
-28.090185	17.356787	13.888129	-0.440089	-0.978016	-0.172576		27.18835175	23.71969375
-28.442256	16.574374	13.750068	-0.420546	-0.989404	-0.182024		26.5291636	23.7048576
-28.778693	15.78285	13.604449	-0.400529	-1.000383	-0.191487		25.85539255	23.67699155
-29.099116	14.982544	13.45126	-0.380039	-1.010932	-0.200958		25.1672346	23.6359506
-29.403147	14.173798	13.290493	-0.359081	-1.021035	-0.210431		24.46489945	23.58159445
-29.690412	13.35697	13.122148	-0.33766	-1.030672	-0.219899		23.7486142	23.5137922
-29.96054	12.532433	12.94623	-0.315781	-1.039824	-0.229353		23.018622	23.432419
-30.213165	11.700574	12.762747	-0.293452	-1.048471	-0.238785		22.27518175	23.33735475
-30.447927	10.861797	12.571719	-0.270679	-1.056595	-0.248188		21.51857145	23.22849345
-30.66447	10.016521	12.373169	-0.247471	-1.064176	-0.257552		20.7490855	23.1057335
-30.862447	9.16518	12.167127	-0.223838	-1.071194	-0.266869		19.96703645	22.96898345
-31.041518	8.308225	11.953632	-0.199791	-1.07763	-0.27613		19.1727563	22.8181633
-31.20135	7.446121	11.732728	-0.17534	-1.083465	-0.285324		18.3665935	22.6532005
-31.341622	6.579348	11.504469	-0.150499	-1.08868	-0.294442		17.5489157	22.4740367
-31.462021	5.708404	11.268915	-0.125281	-1.093256	-0.303475		16.72011135	22.28062235
-31.562246	4.8338	11.026136	-0.099701	-1.097173	-0.312411		15.8805861	22.0729221
-31.642007	3.956061	10.776207	-0.073776	-1.100415	-0.32124		15.03076345	21.85090945
-31.701028	3.075729	10.519215	-0.047523	-1.102962	-0.329951		14.1710888	21.6145748
-31.739047	2.19336	10.255254	-0.02096	-1.104797	-0.338534		13.30202645	21.36392045
-31.755815	1.309522	9.984426	0.005893	-1.105905	-0.346977		12.42405725	21.09896125
-31.751101	0.424798	9.706845	0.033015	-1.106268	-0.355269		11.53768335	20.81973035
-31.724689	-0.460216	9.42263	0.060383	-1.105871	-0.363398		10.64342515	20.52627115
-31.676382	-1.344912	9.131912	0.087976	-1.104699	-0.371352		9.7418217	20.2186457
-31.606001	-2.228671	8.83483	0.115768	-1.102739	-0.379121		8.83342935	19.89693035
-31.513387	-3.110863	8.531533	0.143734	-1.099979	-0.386692		7.91882245	19.56121845
-31.3984	-3.990846	8.222179	0.171847	-1.096405	-0.394054		6.998594	19.211619
-31.260922	-4.86797	7.906936	0.200079	-1.092009	-0.401195		6.0733527	18.8482587
-31.100859	-5.741577	7.58598	0.228402	-1.08678	-0.408103		5.14372365	18.47128065
-30.918137	-6.611001	7.259498	0.256786	-1.080711	-0.414768		4.21034695	18.08084595
-30.712708	-7.47557	6.927684	0.2852	-1.073795	-0.421177		3.2738778	17.6771318
-30.484547	-8.334606	6.590742	0.313614	-1.066027	-0.42732		2.33498545	17.26033345
-30.233657	-9.187428	6.248886	0.341993	-1.057403	-0.433186		1.39435195	16.83066595
-29.960062	-10.03335	5.902338	0.370306	-1.047921	-0.438763		0.4526717	16.3883597
-29.663817	-10.871687	5.551327	0.39852	-1.037581	-0.444043		-0.48935105	15.93366295
-29.345001	-11.701751	5.196092	0.426599	-1.026384	-0.449015		-1.43100065	15.46684235
-29.003721	-12.522858	4.83688	0.454511	-1.014332	-0.45367		-2.37155565	14.98818235
-28.640113	-13.334324	4.473944	0.482219	-1.001432	-0.457998		-3.31028445	14.49798355
-28.254338	-14.13547	4.107545	0.509689	-0.987689	-0.461992		-4.2464517	13.9965633
-27.846586	-14.925621	3.737952	0.536887	-0.973111	-0.465643		-5.1793159	13.4842571
-27.417077	-15.704109	3.365437	0.563777	-0.957709	-0.468944		-6.10813205	12.96141395
-26.966055	-16.470277	2.990282	0.590324	-0.941495	-0.471887		-7.03215775	12.42840125
-26.493796	-17.223472	2.612773	0.616494	-0.924482	-0.474468		-7.9506434	11.8856016
-26.000602	-17.963058	2.233198	0.642252	-0.906686	-0.476681		-8.8628473	11.3334087
-25.4868	-18.688406	1.851854	0.667567	-0.888124	-0.47852		-9.768026	10.772234
-24.952746	-19.398905	1.469038	0.692404	-0.868815	-0.479982		-10.6654439	10.2024991
-24.398823	-20.093957	1.085052	0.716731	-0.84878	-0.481064		-11.55436895	9.62464005
-23.825439	-20.772981	0.700201	0.740517	-0.828041	-0.481763		-12.43407735	9.03910465
-23.233025	-21.435413	0.31479	0.763733	-0.806622	-0.482078		-13.30385425	8.44634875
-22.622039	-22.080711	-0.070872	0.786348	-0.784547	-0.482007		-14.16299735	7.84684165
-21.99296	-22.708349	-0.456477	0.808336	-0.761845	-0.48155		-15.010813	7.241059
-21.346291	-23.317824	-0.841718	0.829669	-0.738541	-0.480709		-15.84662215	6.62948385
-20.682556	-23.908657	-1.226285	0.850322	-0.714666	-0.479485		-16.6697624	6.0126096
-20.002299	-24.48039	-1.609873	0.870272	-0.69025	-0.477879		-17.47958535	5.39093165
-19.306081	-25.03259	-1.992176	0.889497	-0.665323	-0.475895		-18.27546165	4.76495235
-18.594483	-25.564848	-2.372892	0.907976	-0.639917	-0.473537		-19.05677895	4.13517705
-17.868102	-26.076781	-2.751722	0.92569	-0.614065	-0.470809		-19.8229453	3.5021137
-17.12755	-26.568034	-3.128369	0.942622	-0.587801	-0.467716		-20.5733915	2.8662735
-16.373453	-27.038274	-3.502542	0.958756	-0.561157	-0.464265		-21.30756545	2.22816655
-15.606448	-27.4872	-3.873954	0.974079	-0.534169	-0.460461		-22.0249432	1.5883028
-14.827185	-27.914535	-4.242324	0.98858	-0.506869	-0.456313		-22.72502025	0.94719075
-14.036321	-28.32003	-4.607374	1.002247	-0.479294	-0.451826		-23.40731765	0.30533835
-13.234523	-28.703466	-4.968835	1.015073	-0.451477	-0.447011		-24.07138295	-0.33675195
-12.422465	-29.064647	-5.326444	1.027051	-0.423453	-0.441875		-24.71678425	-0.97858125
-11.600825	-29.403409	-5.679944	1.038176	-0.395255	-0.436428		-25.34312025	-1.61965525
-10.770284	-29.719613	-6.029086	1.048445	-0.366918	-0.43068		-25.9500136	-2.2594866
-9.931528	-30.013148	-6.37363	1.057857	-0.338476	-0.42464		-26.5371132	-2.8975952
-9.085243	-30.283928	-6.713342	1.066411	-0.30996	-0.418318		-27.10409295	-3.53350695
-8.232114	-30.531896	-7.047996	1.074111	-0.281404	-0.411726		-27.6506561	-4.1667561
-7.372825	-30.75702	-7.377377	1.080958	-0.252839	-0.404875		-28.17653125	-4.79688825
-6.508059	-30.959291	-7.701277	1.086958	-0.224296	-0.397774		-28.68147035	-5.42345635
-5.638492	-31.138727	-8.019497	1.092117	-0.195805	-0.390437		-29.1652548	-6.0460248
-4.764798	-31.295372	-8.331846	1.096443	-0.167396	-0.382873		-29.6276927	-6.6641667
-3.887644	-31.429288	-8.638145	1.099943	-0.139096	-0.375095		-30.0686126	-7.2774696
-3.007689	-31.540565	-8.938221	1.102629	-0.110933	-0.367114		-30.48787385	-7.88552985
-2.125586	-31.629312	-9.231913	1.10451	-0.082934	-0.358942		-30.8853569	-8.4879579
-1.241978	-31.695659	-9.519066	1.1056	-0.055123	-0.35059		-31.2609667	-9.0843737
-0.357498	-31.739757	-9.799538	1.105911	-0.027525	-0.342069		-31.6146327	-9.6744137
0.527231	-31.761777	-10.073193	1.105457	-0.000163	-0.333391		-31.94630785	-10.25772385
1.411596	-31.761907	-10.339906	1.104252	0.026942	-0.324567		-32.2559656	-10.8339646
2.294998	-31.740354	-10.59956	1.102313	0.053768	-0.315609		-32.5436033	-11.4028093
3.176848	-31.697339	-10.852046	1.099654	0.080296	-0.306526		-32.8092358	-11.9639428
4.056571	-31.633102	-11.097268	1.096293	0.106508	-0.297331		-33.05290185	-12.51706785
4.933605	-31.547896	-11.335132	1.092246	0.132385	-0.288034		-33.27465775	-13.06189375
5.807402	-31.441988	-11.565559	1.087531	0.157911	-0.278644		-33.4745787	-13.5981497
6.677427	-31.315659	-11.788474	1.082166	0.183072	-0.269172		-33.65275845	-14.12557345
7.543159	-31.169201	-12.003812	1.076169	0.207853	-0.259629		-33.80930665	-14.64391765
8.404094	-31.002919	-12.211515	1.069558	0.232241	-0.250023		-33.9443519	-15.1529479
