Posicion                     Velocidad
-3.743403, 7.568504, 3.287166, -1.964872, -0.815357, -0.252217
-3.745368, 7.567689, 3.286914, -1.964673, -0.815758, -0.252392
-3.747333, 7.566873, 3.286661, -1.964474, -0.816160, -0.252566
-3.749297, 7.566057, 3.286409, -1.964275, -0.816561, -0.252740
-3.751261, 7.565240, 3.286156, -1.964076, -0.816963, -0.252915
-3.753225, 7.564423, 3.285903, -1.963877, -0.817364, -0.253089
-3.755189, 7.563606, 3.285650, -1.963678, -0.817766, -0.253263
-3.757153, 7.562788, 3.285397, -1.963479, -0.818167, -0.253438
-3.759116, 7.561970, 3.285143, -1.963279, -0.818568, -0.253612
-3.761080, 7.561151, 3.284890, -1.963080, -0.818969, -0.253786
-3.763043, 7.560332, 3.284636, -1.962880, -0.819371, -0.253961
-3.765006, 7.559513, 3.284382, -1.962680, -0.819772, -0.254135
-3.766968, 7.558693, 3.284128, -1.962480, -0.820173, -0.254309
-3.768931, 7.557873, 3.283874, -1.962280, -0.820574, -0.254484
-3.770893, 7.557052, 3.283619, -1.962080, -0.820975, -0.254658
-3.772855, 7.556232, 3.283364, -1.961880, -0.821376, -0.254832
-3.774817, 7.555410, 3.283110, -1.961680, -0.821777, -0.255006
-3.776779, 7.554588, 3.282855, -1.961479, -0.822177, -0.255180
-3.778740, 7.553766, 3.282599, -1.961279, -0.822578, -0.255354
-3.780701, 7.552944, 3.282344, -1.961078, -0.822979, -0.255529
-3.782663, 7.552121, 3.282089, -1.960878, -0.823380, -0.255703
-3.784623, 7.551297, 3.281833, -1.960677, -0.823780, -0.255877
-3.786584, 7.550473, 3.281577, -1.960476, -0.824181, -0.256051
-3.788545, 7.549649, 3.281321, -1.960275, -0.824581, -0.256225
-3.790505, 7.548825, 3.281065, -1.960074, -0.824982, -0.256399
-3.792465, 7.548000, 3.280808, -1.959873, -0.825382, -0.256573
-3.794425, 7.547174, 3.280552, -1.959671, -0.825783, -0.256747
-3.796384, 7.546349, 3.280295, -1.959470, -0.826183, -0.256921
-3.798344, 7.545522, 3.280038, -1.959268, -0.826583, -0.257095
-3.800303, 7.544696, 3.279781, -1.959067, -0.826984, -0.257269
-3.802262, 7.543869, 3.279524, -1.958865, -0.827384, -0.257443
-3.804221, 7.543041, 3.279266, -1.958663, -0.827784, -0.257617
-3.806180, 7.542214, 3.279009, -1.958461, -0.828184, -0.257791
-3.808138, 7.541385, 3.278751, -1.958259, -0.828584, -0.257965
-3.810097, 7.540557, 3.278493, -1.958057, -0.828984, -0.258139
-3.812055, 7.539728, 3.278235, -1.957855, -0.829384, -0.258313
-3.814012, 7.538898, 3.277976, -1.957653, -0.829784, -0.258487
-3.815970, 7.538069, 3.277718, -1.957450, -0.830184, -0.258661
-3.817928, 7.537239, 3.277459, -1.957248, -0.830584, -0.258834
-3.819885, 7.536408, 3.277200, -1.957045, -0.830983, -0.259008
-3.821842, 7.535577, 3.276941, -1.956842, -0.831383, -0.259182
-3.823799, 7.534746, 3.276682, -1.956640, -0.831783, -0.259356
-3.825755, 7.533914, 3.276423, -1.956437, -0.832182, -0.259530
-3.827712, 7.533082, 3.276163, -1.956234, -0.832582, -0.259703
-3.829668, 7.532249, 3.275904, -1.956031, -0.832981, -0.259877
-3.831624, 7.531416, 3.275644, -1.955827, -0.833381, -0.260051
-3.833580, 7.530583, 3.275384, -1.955624, -0.833780, -0.260225
-3.835535, 7.529749, 3.275123, -1.955421, -0.834179, -0.260398
-3.837491, 7.528915, 3.274863, -1.955217, -0.834579, -0.260572
-3.839446, 7.528080, 3.274603, -1.955013, -0.834978, -0.260746
-3.841401, 7.527245, 3.274342, -1.954810, -0.835377, -0.260919
-3.843356, 7.526410, 3.274081, -1.954606, -0.835776, -0.261093
-3.845311, 7.525574, 3.273820, -1.954402, -0.836175, -0.261267
-3.847265, 7.524738, 3.273558, -1.954198, -0.836575, -0.261440
-3.849219, 7.523901, 3.273297, -1.953994, -0.836974, -0.261614
-3.851173, 7.523064, 3.273035, -1.953790, -0.837372, -0.261787
-3.853127, 7.522227, 3.272774, -1.953585, -0.837771, -0.261961
-3.855081, 7.521389, 3.272512, -1.953381, -0.838170, -0.262134
-3.857034, 7.520551, 3.272250, -1.953176, -0.838569, -0.262308
-3.858987, 7.519712, 3.271987, -1.952972, -0.838968, -0.262481
-3.860940, 7.518873, 3.271725, -1.952767, -0.839367, -0.262655
-3.862893, 7.518034, 3.271462, -1.952562, -0.839765, -0.262828
-3.864845, 7.517194, 3.271199, -1.952357, -0.840164, -0.263002
-3.866798, 7.516354, 3.270936, -1.952152, -0.840562, -0.263175
-3.868750, 7.515514, 3.270673, -1.951947, -0.840961, -0.263349
-3.870702, 7.514673, 3.270410, -1.951742, -0.841359, -0.263522
-3.872654, 7.513831, 3.270146, -1.951536, -0.841758, -0.263696
-3.874605, 7.512989, 3.269883, -1.951331, -0.842156, -0.263869
-3.876556, 7.512147, 3.269619, -1.951125, -0.842554, -0.264042
-3.878508, 7.511305, 3.269355, -1.950920, -0.842953, -0.264216
-3.880458, 7.510462, 3.269090, -1.950714, -0.843351, -0.264389
-3.882409, 7.509618, 3.268826, -1.950508, -0.843749, -0.264562
-3.884360, 7.508775, 3.268561, -1.950302, -0.844147, -0.264736
-3.886310, 7.507931, 3.268297, -1.950096, -0.844545, -0.264909
-3.888260, 7.507086, 3.268032, -1.949890, -0.844943, -0.265082
-3.890210, 7.506241, 3.267767, -1.949684, -0.845341, -0.265255
-3.892160, 7.505396, 3.267501, -1.949477, -0.845739, -0.265429
-3.894109, 7.504550, 3.267236, -1.949271, -0.846137, -0.265602
-3.896058, 7.503704, 3.266970, -1.949064, -0.846535, -0.265775
-3.898007, 7.502857, 3.266705, -1.948858, -0.846932, -0.265948
-3.899956, 7.502010, 3.266439, -1.948651, -0.847330, -0.266121
-3.901905, 7.501163, 3.266173, -1.948444, -0.847728, -0.266294
-3.903853, 7.500315, 3.265906, -1.948237, -0.848125, -0.266468
-3.905802, 7.499467, 3.265640, -1.948030, -0.848523, -0.266641
-3.907750, 7.498619, 3.265373, -1.947823, -0.848920, -0.266814
-3.909698, 7.497770, 3.265106, -1.947616, -0.849318, -0.266987
-3.911645, 7.496920, 3.264839, -1.947408, -0.849715, -0.267160
-3.913593, 7.496071, 3.264572, -1.947201, -0.850113, -0.267333
-3.915540, 7.495221, 3.264305, -1.946993, -0.850510, -0.267506
-3.917487, 7.494370, 3.264037, -1.946786, -0.850907, -0.267679
-3.919434, 7.493519, 3.263770, -1.946578, -0.851304, -0.267852
-3.921380, 7.492668, 3.263502, -1.946370, -0.851701, -0.268025
-3.923326, 7.491816, 3.263234, -1.946162, -0.852099, -0.268198
-3.925273, 7.490964, 3.262966, -1.945954, -0.852496, -0.268371
-3.927219, 7.490112, 3.262697, -1.945746, -0.852893, -0.268544
-3.929164, 7.489259, 3.262429, -1.945538, -0.853290, -0.268717
-3.931110, 7.488405, 3.262160, -1.945329, -0.853686, -0.268890
-3.933055, 7.487552, 3.261891, -1.945121, -0.854083, -0.269063
-3.935000, 7.486698, 3.261622, -1.944912, -0.854480, -0.269235
-3.936945, 7.485843, 3.261353, -1.944704, -0.854877, -0.269408
-3.938890, 7.484988, 3.261083, -1.944495, -0.855274, -0.269581
-3.940834, 7.484133, 3.260814, -1.944286, -0.855670, -0.269754
-3.942779, 7.483277, 3.260544, -1.944077, -0.856067, -0.269927
-3.944723, 7.482421, 3.260274, -1.943868, -0.856463, -0.270100
-3.946667, 7.481565, 3.260004, -1.943659, -0.856860, -0.270272
-3.948610, 7.480708, 3.259734, -1.943450, -0.857256, -0.270445
-3.950554, 7.479851, 3.259463, -1.943240, -0.857653, -0.270618
-3.952497, 7.478993, 3.259193, -1.943031, -0.858049, -0.270790
-3.954440, 7.478135, 3.258922, -1.942821, -0.858445, -0.270963
-3.956383, 7.477277, 3.258651, -1.942612, -0.858841, -0.271136
-3.958325, 7.476418, 3.258380, -1.942402, -0.859238, -0.271308
-3.960268, 7.475558, 3.258109, -1.942192, -0.859634, -0.271481
-3.962210, 7.474699, 3.257837, -1.941982, -0.860030, -0.271654
-3.964152, 7.473839, 3.257565, -1.941772, -0.860426, -0.271826
-3.966094, 7.472978, 3.257294, -1.941562, -0.860822, -0.271999
-3.968035, 7.472118, 3.257022, -1.941352, -0.861218, -0.272172
-3.969977, 7.471256, 3.256749, -1.941141, -0.861614, -0.272344
-3.971918, 7.470395, 3.256477, -1.940931, -0.862009, -0.272517
-3.973859, 7.469533, 3.256205, -1.940720, -0.862405, -0.272689
-3.975800, 7.468670, 3.255932, -1.940510, -0.862801, -0.272862
-3.977740, 7.467808, 3.255659, -1.940299, -0.863197, -0.273034
-3.979680, 7.466944, 3.255386, -1.940088, -0.863592, -0.273207
-3.981620, 7.466081, 3.255113, -1.939877, -0.863988, -0.273379
-3.983560, 7.465217, 3.254839, -1.939666, -0.864383, -0.273552
-3.985500, 7.464352, 3.254566, -1.939455, -0.864779, -0.273724
-3.987439, 7.463488, 3.254292, -1.939244, -0.865174, -0.273896
-3.989379, 7.462622, 3.254018, -1.939032, -0.865570, -0.274069
-3.991318, 7.461757, 3.253744, -1.938821, -0.865965, -0.274241
-3.993257, 7.460891, 3.253470, -1.938609, -0.866360, -0.274414
-3.995195, 7.460025, 3.253195, -1.938398, -0.866755, -0.274586
-3.997134, 7.459158, 3.252921, -1.938186, -0.867150, -0.274758
-3.999072, 7.458291, 3.252646, -1.937974, -0.867546, -0.274931
-4.001010, 7.457423, 3.252371, -1.937762, -0.867941, -0.275103
-4.002947, 7.456555, 3.252096, -1.937550, -0.868336, -0.275275
-4.004885, 7.455687, 3.251821, -1.937338, -0.868731, -0.275447
-4.006822, 7.454818, 3.251545, -1.937126, -0.869125, -0.275620
-4.008759, 7.453949, 3.251270, -1.936913, -0.869520, -0.275792
-4.010696, 7.453079, 3.250994, -1.936701, -0.869915, -0.275964
-4.012633, 7.452210, 3.250718, -1.936488, -0.870310, -0.276136
-4.014570, 7.451339, 3.250442, -1.936276, -0.870705, -0.276308
-4.016506, 7.450468, 3.250166, -1.936063, -0.871099, -0.276481
-4.018442, 7.449597, 3.249889, -1.935850, -0.871494, -0.276653
-4.020378, 7.448726, 3.249612, -1.935637, -0.871888, -0.276825
-4.022313, 7.447854, 3.249336, -1.935424, -0.872283, -0.276997
-4.024249, 7.446982, 3.249059, -1.935211, -0.872677, -0.277169
-4.026184, 7.446109, 3.248781, -1.934998, -0.873072, -0.277341
-4.028119, 7.445236, 3.248504, -1.934784, -0.873466, -0.277513
-4.030054, 7.444363, 3.248227, -1.934571, -0.873860, -0.277685
-4.031988, 7.443489, 3.247949, -1.934357, -0.874254, -0.277857
-4.033923, 7.442614, 3.247671, -1.934144, -0.874649, -0.278029
-4.035857, 7.441740, 3.247393, -1.933930, -0.875043, -0.278201
-4.037791, 7.440865, 3.247115, -1.933716, -0.875437, -0.278373
-4.039725, 7.439989, 3.246836, -1.933502, -0.875831, -0.278545
-4.041658, 7.439113, 3.246558, -1.933288, -0.876225, -0.278717
-4.043591, 7.438237, 3.246279, -1.933074, -0.876619, -0.278889
-4.045524, 7.437361, 3.246000, -1.932860, -0.877013, -0.279061
-4.047457, 7.436484, 3.245721, -1.932645, -0.877406, -0.279233
-4.049390, 7.435606, 3.245442, -1.932431, -0.877800, -0.279405
-4.051322, 7.434728, 3.245163, -1.932217, -0.878194, -0.279576
-4.053255, 7.433850, 3.244883, -1.932002, -0.878587, -0.279748
-4.055187, 7.432972, 3.244603, -1.931787, -0.878981, -0.279920
-4.057118, 7.432093, 3.244323, -1.931572, -0.879375, -0.280092
-4.059050, 7.431213, 3.244043, -1.931357, -0.879768, -0.280264
-4.060981, 7.430333, 3.243763, -1.931142, -0.880162, -0.280435
-4.062912, 7.429453, 3.243483, -1.930927, -0.880555, -0.280607
-4.064843, 7.428573, 3.243202, -1.930712, -0.880948, -0.280779
-4.066774, 7.427692, 3.242921, -1.930497, -0.881342, -0.280951
-4.068705, 7.426810, 3.242640, -1.930281, -0.881735, -0.281122
-4.070635, 7.425929, 3.242359, -1.930066, -0.882128, -0.281294
-4.072565, 7.425047, 3.242078, -1.929850, -0.882521, -0.281466
-4.074495, 7.424164, 3.241796, -1.929634, -0.882914, -0.281637
-4.076424, 7.423281, 3.241515, -1.929419, -0.883307, -0.281809
-4.078354, 7.422398, 3.241233, -1.929203, -0.883700, -0.281980
-4.080283, 7.421514, 3.240951, -1.928987, -0.884093, -0.282152
-4.082212, 7.420630, 3.240669, -1.928770, -0.884486, -0.282324
-4.084141, 7.419746, 3.240386, -1.928554, -0.884879, -0.282495
-4.086069, 7.418861, 3.240104, -1.928338, -0.885271, -0.282667
-4.087998, 7.417975, 3.239821, -1.928121, -0.885664, -0.282838
-4.089926, 7.417090, 3.239538, -1.927905, -0.886057, -0.283010
-4.091854, 7.416204, 3.239255, -1.927688, -0.886449, -0.283181
-4.093781, 7.415317, 3.238972, -1.927472, -0.886842, -0.283353
-4.095709, 7.414430, 3.238689, -1.927255, -0.887235, -0.283524
-4.097636, 7.413543, 3.238405, -1.927038, -0.887627, -0.283696
-4.099563, 7.412656, 3.238122, -1.926821, -0.888019, -0.283867
-4.101490, 7.411768, 3.237838, -1.926604, -0.888412, -0.284038
-4.103417, 7.410879, 3.237554, -1.926387, -0.888804, -0.284210
-4.105343, 7.409990, 3.237270, -1.926169, -0.889196, -0.284381
-4.107269, 7.409101, 3.236985, -1.925952, -0.889588, -0.284552
-4.109195, 7.408212, 3.236701, -1.925734, -0.889981, -0.284724
-4.111121, 7.407322, 3.236416, -1.925517, -0.890373, -0.284895
-4.113046, 7.406431, 3.236131, -1.925299, -0.890765, -0.285066
-4.114972, 7.405540, 3.235846, -1.925081, -0.891157, -0.285238
-4.116897, 7.404649, 3.235561, -1.924863, -0.891549, -0.285409
-4.118822, 7.403758, 3.235275, -1.924645, -0.891940, -0.285580
-4.120746, 7.402866, 3.234990, -1.924427, -0.892332, -0.285751
-4.122671, 7.401973, 3.234704, -1.924209, -0.892724, -0.285923
-4.124595, 7.401081, 3.234418, -1.923991, -0.893116, -0.286094
-4.126519, 7.400188, 3.234132, -1.923772, -0.893507, -0.286265
-4.128443, 7.399294, 3.233846, -1.923554, -0.893899, -0.286436
-4.130366, 7.398400, 3.233559, -1.923335, -0.894290, -0.286607
-4.132290, 7.397506, 3.233273, -1.923117, -0.894682, -0.286778
-4.134213, 7.396611, 3.232986, -1.922898, -0.895073, -0.286949
-4.136136, 7.395716, 3.232699, -1.922679, -0.895465, -0.287120
-4.138058, 7.394821, 3.232412, -1.922460, -0.895856, -0.287291
-4.139981, 7.393925, 3.232124, -1.922241, -0.896247, -0.287463
-4.141903, 7.393029, 3.231837, -1.922022, -0.896639, -0.287634
-4.143825, 7.392132, 3.231549, -1.921802, -0.897030, -0.287805
-4.145747, 7.391235, 3.231262, -1.921583, -0.897421, -0.287976
-4.147668, 7.390337, 3.230974, -1.921364, -0.897812, -0.288147
-4.149590, 7.389440, 3.230685, -1.921144, -0.898203, -0.288317
-4.151511, 7.388541, 3.230397, -1.920924, -0.898594, -0.288488
-4.153432, 7.387643, 3.230109, -1.920704, -0.898985, -0.288659
-4.155352, 7.386744, 3.229820, -1.920485, -0.899376, -0.288830
-4.157273, 7.385845, 3.229531, -1.920265, -0.899767, -0.289001
-4.159193, 7.384945, 3.229242, -1.920045, -0.900157, -0.289172
-4.161113, 7.384045, 3.228953, -1.919824, -0.900548, -0.289343
-4.163033, 7.383144, 3.228664, -1.919604, -0.900939, -0.289514
-4.164953, 7.382243, 3.228374, -1.919384, -0.901329, -0.289684
-4.166872, 7.381342, 3.228084, -1.919163, -0.901720, -0.289855
-4.168791, 7.380440, 3.227795, -1.918943, -0.902110, -0.290026
-4.170710, 7.379538, 3.227505, -1.918722, -0.902501, -0.290197
-4.172629, 7.378635, 3.227214, -1.918501, -0.902891, -0.290368
-4.174547, 7.377733, 3.226924, -1.918280, -0.903281, -0.290538
-4.176466, 7.376829, 3.226633, -1.918060, -0.903672, -0.290709
-4.178384, 7.375926, 3.226343, -1.917838, -0.904062, -0.290880
-4.180302, 7.375022, 3.226052, -1.917617, -0.904452, -0.291050
-4.182219, 7.374117, 3.225761, -1.917396, -0.904842, -0.291221
-4.184137, 7.373212, 3.225470, -1.917175, -0.905232, -0.291392
-4.186054, 7.372307, 3.225178, -1.916953, -0.905622, -0.291562
-4.187971, 7.371401, 3.224887, -1.916732, -0.906012, -0.291733
-4.189887, 7.370495, 3.224595, -1.916510, -0.906402, -0.291903
-4.191804, 7.369589, 3.224303, -1.916288, -0.906792, -0.292074
-4.193720, 7.368682, 3.224011, -1.916067, -0.907182, -0.292244
-4.195636, 7.367775, 3.223719, -1.915845, -0.907571, -0.292415
-4.197552, 7.366867, 3.223426, -1.915623, -0.907961, -0.292585
-4.199468, 7.365959, 3.223134, -1.915400, -0.908351, -0.292756
-4.201383, 7.365051, 3.222841, -1.915178, -0.908740, -0.292926
-4.203298, 7.364142, 3.222548, -1.914956, -0.909130, -0.293097
-4.205213, 7.363233, 3.222255, -1.914733, -0.909519, -0.293267
-4.207128, 7.362324, 3.221962, -1.914511, -0.909909, -0.293438
-4.209043, 7.361414, 3.221668, -1.914288, -0.910298, -0.293608
-4.210957, 7.360504, 3.221375, -1.914066, -0.910687, -0.293779
-4.212871, 7.359593, 3.221081, -1.913843, -0.911076, -0.293949
-4.214785, 7.358682, 3.220787, -1.913620, -0.911466, -0.294119
-4.216698, 7.357770, 3.220493, -1.913397, -0.911855, -0.294290
-4.218612, 7.356858, 3.220198, -1.913174, -0.912244, -0.294460
-4.220525, 7.355946, 3.219904, -1.912951, -0.912633, -0.294630
-4.222438, 7.355034, 3.219609, -1.912727, -0.913022, -0.294800
-4.224351, 7.354121, 3.219315, -1.912504, -0.913411, -0.294971
-4.226263, 7.353207, 3.219020, -1.912280, -0.913800, -0.295141
-4.228175, 7.352293, 3.218724, -1.912057, -0.914188, -0.295311
-4.230087, 7.351379, 3.218429, -1.911833, -0.914577, -0.295481
-4.231999, 7.350465, 3.218134, -1.911609, -0.914966, -0.295651
-4.233911, 7.349550, 3.217838, -1.911385, -0.915355, -0.295822
-4.235822, 7.348634, 3.217542, -1.911161, -0.915743, -0.295992
-4.237733, 7.347719, 3.217246, -1.910937, -0.916132, -0.296162
-4.239644, 7.346802, 3.216950, -1.910713, -0.916520, -0.296332
-4.241555, 7.345886, 3.216654, -1.910489, -0.916909, -0.296502
-4.243466, 7.344969, 3.216357, -1.910264, -0.917297, -0.296672
-4.245376, 7.344052, 3.216061, -1.910040, -0.917685, -0.296842
-4.247286, 7.343134, 3.215764, -1.909815, -0.918074, -0.297012
-4.249196, 7.342216, 3.215467, -1.909591, -0.918462, -0.297182
-4.251105, 7.341297, 3.215170, -1.909366, -0.918850, -0.297352
-4.253015, 7.340379, 3.214872, -1.909141, -0.919238, -0.297522
-4.254924, 7.339459, 3.214575, -1.908916, -0.919626, -0.297692
-4.256833, 7.338540, 3.214277, -1.908691, -0.920014, -0.297862
-4.258741, 7.337620, 3.213979, -1.908466, -0.920402, -0.298032
-4.260650, 7.336699, 3.213681, -1.908241, -0.920790, -0.298202
-4.262558, 7.335779, 3.213383, -1.908015, -0.921178, -0.298372
-4.264466, 7.334857, 3.213084, -1.907790, -0.921565, -0.298542
-4.266374, 7.333936, 3.212786, -1.907564, -0.921953, -0.298712
-4.268281, 7.333014, 3.212487, -1.907339, -0.922341, -0.298881
-4.270189, 7.332091, 3.212188, -1.907113, -0.922728, -0.299051
-4.272096, 7.331169, 3.211889, -1.906887, -0.923116, -0.299221
-4.274003, 7.330246, 3.211590, -1.906661, -0.923504, -0.299391
-4.275909, 7.329322, 3.211291, -1.906435, -0.923891, -0.299561
-4.277816, 7.328398, 3.210991, -1.906209, -0.924278, -0.299730
-4.279722, 7.327474, 3.210691, -1.905983, -0.924666, -0.299900
-4.281628, 7.326549, 3.210391, -1.905756, -0.925053, -0.300070
-4.283534, 7.325624, 3.210091, -1.905530, -0.925440, -0.300239
-4.285439, 7.324699, 3.209791, -1.905303, -0.925827, -0.300409
-4.287345, 7.323773, 3.209491, -1.905077, -0.926215, -0.300579
-4.289250, 7.322847, 3.209190, -1.904850, -0.926602, -0.300748
-4.291155, 7.321920, 3.208889, -1.904623, -0.926989, -0.300918
-4.293059, 7.320993, 3.208589, -1.904396, -0.927376, -0.301088
-4.294964, 7.320066, 3.208287, -1.904169, -0.927762, -0.301257
-4.296868, 7.319138, 3.207986, -1.903942, -0.928149, -0.301427
-4.298772, 7.318210, 3.207685, -1.903715, -0.928536, -0.301596
-4.300675, 7.317281, 3.207383, -1.903488, -0.928923, -0.301766
-4.302579, 7.316352, 3.207081, -1.903260, -0.929310, -0.301935
-4.304482, 7.315423, 3.206779, -1.903033, -0.929696, -0.302105
-4.306385, 7.314493, 3.206477, -1.902805, -0.930083, -0.302274
-4.308288, 7.313563, 3.206175, -1.902578, -0.930469, -0.302444
-4.310191, 7.312633, 3.205873, -1.902350, -0.930856, -0.302613
-4.312093, 7.311702, 3.205570, -1.902122, -0.931242, -0.302782
-4.313995, 7.310771, 3.205267, -1.901894, -0.931628, -0.302952
-4.315897, 7.309839, 3.204964, -1.901666, -0.932015, -0.303121
-4.317799, 7.308907, 3.204661, -1.901438, -0.932401, -0.303291
-4.319700, 7.307975, 3.204358, -1.901209, -0.932787, -0.303460
-4.321601, 7.307042, 3.204054, -1.900981, -0.933173, -0.303629
-4.323502, 7.306109, 3.203751, -1.900753, -0.933559, -0.303798
-4.325403, 7.305175, 3.203447, -1.900524, -0.933945, -0.303968
-4.327304, 7.304241, 3.203143, -1.900295, -0.934331, -0.304137
-4.329204, 7.303307, 3.202839, -1.900067, -0.934717, -0.304306
-4.331104, 7.302372, 3.202535, -1.899838, -0.935103, -0.304475
-4.333004, 7.301437, 3.202230, -1.899609, -0.935489, -0.304645
-4.334903, 7.300502, 3.201925, -1.899380, -0.935875, -0.304814
-4.336803, 7.299566, 3.201621, -1.899151, -0.936260, -0.304983
-4.338702, 7.298629, 3.201316, -1.898921, -0.936646, -0.305152
-4.340601, 7.297693, 3.201011, -1.898692, -0.937031, -0.305321
-4.342500, 7.296756, 3.200705, -1.898463, -0.937417, -0.305490
-4.344398, 7.295818, 3.200400, -1.898233, -0.937802, -0.305659
-4.346296, 7.294881, 3.200094, -1.898003, -0.938188, -0.305829
-4.348194, 7.293942, 3.199788, -1.897774, -0.938573, -0.305998
-4.350092, 7.293004, 3.199482, -1.897544, -0.938959, -0.306167
-4.351990, 7.292065, 3.199176, -1.897314, -0.939344, -0.306336
-4.353887, 7.291126, 3.198870, -1.897084, -0.939729, -0.306505
-4.355784, 7.290186, 3.198563, -1.896854, -0.940114, -0.306674
-4.357681, 7.289246, 3.198257, -1.896624, -0.940499, -0.306843
-4.359577, 7.288305, 3.197950, -1.896393, -0.940884, -0.307011
-4.361474, 7.287364, 3.197643, -1.896163, -0.941269, -0.307180
-4.363370, 7.286423, 3.197335, -1.895932, -0.941654, -0.307349
-4.365266, 7.285481, 3.197028, -1.895702, -0.942039, -0.307518
-4.367162, 7.284539, 3.196721, -1.895471, -0.942424, -0.307687
-4.369057, 7.283597, 3.196413, -1.895240, -0.942808, -0.307856
-4.370952, 7.282654, 3.196105, -1.895010, -0.943193, -0.308025
-4.372847, 7.281711, 3.195797, -1.894779, -0.943578, -0.308194
-4.374742, 7.280767, 3.195489, -1.894547, -0.943962, -0.308362
-4.376637, 7.279823, 3.195180, -1.894316, -0.944347, -0.308531
-4.378531, 7.278879, 3.194872, -1.894085, -0.944731, -0.308700
-4.380425, 7.277934, 3.194563, -1.893854, -0.945116, -0.308869
-4.382319, 7.276989, 3.194254, -1.893622, -0.945500, -0.309037
-4.384213, 7.276044, 3.193945, -1.893391, -0.945884, -0.309206
-4.386106, 7.275098, 3.193636, -1.893159, -0.946269, -0.309375
-4.387999, 7.274152, 3.193327, -1.892927, -0.946653, -0.309543
-4.389892, 7.273205, 3.193017, -1.892695, -0.947037, -0.309712
-4.391785, 7.272258, 3.192708, -1.892463, -0.947421, -0.309881
-4.393677, 7.271310, 3.192398, -1.892231, -0.947805, -0.310049
-4.395569, 7.270363, 3.192088, -1.891999, -0.948189, -0.310218
-4.397461, 7.269414, 3.191777, -1.891767, -0.948573, -0.310386
-4.399353, 7.268466, 3.191467, -1.891535, -0.948957, -0.310555
-4.401245, 7.267517, 3.191156, -1.891302, -0.949340, -0.310723
-4.403136, 7.266568, 3.190846, -1.891070, -0.949724, -0.310892
-4.405027, 7.265618, 3.190535, -1.890837, -0.950108, -0.311060
-4.406918, 7.264668, 3.190224, -1.890604, -0.950491, -0.311229
-4.408809, 7.263717, 3.189913, -1.890372, -0.950875, -0.311397
-4.410699, 7.262766, 3.189601, -1.890139, -0.951259, -0.311566
-4.412589, 7.261815, 3.189290, -1.889906, -0.951642, -0.311734
-4.414479, 7.260863, 3.188978, -1.889673, -0.952025, -0.311902
-4.416369, 7.259911, 3.188666, -1.889439, -0.952409, -0.312071
-4.418258, 7.258959, 3.188354, -1.889206, -0.952792, -0.312239
-4.420147, 7.258006, 3.188042, -1.888973, -0.953175, -0.312407
-4.422036, 7.257053, 3.187729, -1.888739, -0.953558, -0.312576
-4.423925, 7.256099, 3.187417, -1.888506, -0.953941, -0.312744
-4.425813, 7.255146, 3.187104, -1.888272, -0.954325, -0.312912
-4.427702, 7.254191, 3.186791, -1.888038, -0.954708, -0.313081
-4.429590, 7.253237, 3.186478, -1.887804, -0.955090, -0.313249
-4.431478, 7.252281, 3.186165, -1.887570, -0.955473, -0.313417
-4.433365, 7.251326, 3.185851, -1.887336, -0.955856, -0.313585
-4.435252, 7.250370, 3.185538, -1.887102, -0.956239, -0.313753
-4.437140, 7.249414, 3.185224, -1.886868, -0.956622, -0.313922
-4.439026, 7.248457, 3.184910, -1.886634, -0.957004, -0.314090
-4.440913, 7.247500, 3.184596, -1.886399, -0.957387, -0.314258
-4.442799, 7.246543, 3.184282, -1.886165, -0.957769, -0.314426
-4.444686, 7.245585, 3.183967, -1.885930, -0.958152, -0.314594
-4.446572, 7.244627, 3.183653, -1.885695, -0.958534, -0.314762
-4.448457, 7.243668, 3.183338, -1.885461, -0.958917, -0.314930
-4.450343, 7.242709, 3.183023, -1.885226, -0.959299, -0.315098
-4.452228, 7.241750, 3.182708, -1.884991, -0.959681, -0.315266
-4.454113, 7.240790, 3.182393, -1.884755, -0.960064, -0.315434
-4.455998, 7.239830, 3.182077, -1.884520, -0.960446, -0.315602
-4.457882, 7.238870, 3.181762, -1.884285, -0.960828, -0.315770
-4.459767, 7.237909, 3.181446, -1.884050, -0.961210, -0.315938
-4.461651, 7.236948, 3.181130, -1.883814, -0.961592, -0.316106
-4.463534, 7.235986, 3.180814, -1.883579, -0.961974, -0.316274
-4.465418, 7.235024, 3.180497, -1.883343, -0.962356, -0.316442
-4.467301, 7.234062, 3.180181, -1.883107, -0.962737, -0.316609
-4.469184, 7.233099, 3.179864, -1.882871, -0.963119, -0.316777
-4.471067, 7.232136, 3.179548, -1.882635, -0.963501, -0.316945
-4.472950, 7.231173, 3.179231, -1.882399, -0.963882, -0.317113
-4.474832, 7.230209, 3.178914, -1.882163, -0.964264, -0.317281
-4.476714, 7.229245, 3.178596, -1.881927, -0.964646, -0.317448
-4.478596, 7.228280, 3.178279, -1.881690, -0.965027, -0.317616
-4.480478, 7.227315, 3.177961, -1.881454, -0.965408, -0.317784
-4.482360, 7.226349, 3.177643, -1.881217, -0.965790, -0.317952
-4.484241, 7.225384, 3.177325, -1.880981, -0.966171, -0.318119
-4.486122, 7.224417, 3.177007, -1.880744, -0.966552, -0.318287
-4.488002, 7.223451, 3.176689, -1.880507, -0.966933, -0.318454
-4.489883, 7.222484, 3.176371, -1.880270, -0.967315, -0.318622
-4.491763, 7.221517, 3.176052, -1.880033, -0.967696, -0.318790
-4.493643, 7.220549, 3.175733, -1.879796, -0.968077, -0.318957
-4.495523, 7.219581, 3.175414, -1.879559, -0.968458, -0.319125
-4.497403, 7.218612, 3.175095, -1.879322, -0.968838, -0.319292
-4.499282, 7.217644, 3.174776, -1.879084, -0.969219, -0.319460
-4.501161, 7.216674, 3.174456, -1.878847, -0.969600, -0.319627
-4.503040, 7.215705, 3.174137, -1.878609, -0.969981, -0.319795
-4.504919, 7.214735, 3.173817, -1.878371, -0.970361, -0.319962
-4.506797, 7.213764, 3.173497, -1.878134, -0.970742, -0.320130
-4.508675, 7.212794, 3.173177, -1.877896, -0.971123, -0.320297
-4.510553, 7.211823, 3.172857, -1.877658, -0.971503, -0.320465
-4.512431, 7.210851, 3.172536, -1.877420, -0.971884, -0.320632
-4.514308, 7.209879, 3.172215, -1.877182, -0.972264, -0.320799
-4.516185, 7.208907, 3.171895, -1.876943, -0.972644, -0.320967
-4.518062, 7.207934, 3.171574, -1.876705, -0.973025, -0.321134
-4.519939, 7.206961, 3.171253, -1.876466, -0.973405, -0.321301
-4.521815, 7.205988, 3.170931, -1.876228, -0.973785, -0.321468
-4.523692, 7.205014, 3.170610, -1.875989, -0.974165, -0.321636
-4.525568, 7.204040, 3.170288, -1.875751, -0.974545, -0.321803
-4.527443, 7.203065, 3.169966, -1.875512, -0.974925, -0.321970
-4.529319, 7.202090, 3.169644, -1.875273, -0.975305, -0.322137
-4.531194, 7.201115, 3.169322, -1.875034, -0.975685, -0.322305
-4.533069, 7.200139, 3.169000, -1.874795, -0.976065, -0.322472
-4.534944, 7.199163, 3.168677, -1.874555, -0.976444, -0.322639
-4.536818, 7.198187, 3.168355, -1.874316, -0.976824, -0.322806
-4.538693, 7.197210, 3.168032, -1.874077, -0.977204, -0.322973
-4.540567, 7.196233, 3.167709, -1.873837, -0.977583, -0.323140
-4.542441, 7.195255, 3.167386, -1.873598, -0.977963, -0.323307
-4.544314, 7.194277, 3.167063, -1.873358, -0.978342, -0.323474
-4.546188, 7.193299, 3.166739, -1.873118, -0.978721, -0.323641
-4.548061, 7.192320, 3.166415, -1.872878, -0.979101, -0.323808
-4.549934, 7.191341, 3.166092, -1.872638, -0.979480, -0.323975
-4.551806, 7.190362, 3.165768, -1.872398, -0.979859, -0.324142
-4.553679, 7.189382, 3.165444, -1.872158, -0.980238, -0.324309
-4.555551, 7.188402, 3.165119, -1.871918, -0.980618, -0.324476
-4.557423, 7.187421, 3.164795, -1.871678, -0.980997, -0.324643
-4.559294, 7.186440, 3.164470, -1.871437, -0.981376, -0.324810
-4.561166, 7.185459, 3.164145, -1.871197, -0.981755, -0.324977
-4.563037, 7.184477, 3.163820, -1.870956, -0.982133, -0.325144
-4.564908, 7.183495, 3.163495, -1.870715, -0.982512, -0.325310
-4.566779, 7.182512, 3.163170, -1.870474, -0.982891, -0.325477
-4.568649, 7.181529, 3.162844, -1.870233, -0.983270, -0.325644
-4.570519, 7.180546, 3.162519, -1.869992, -0.983648, -0.325811
-4.572389, 7.179562, 3.162193, -1.869751, -0.984027, -0.325978
-4.574259, 7.178578, 3.161867, -1.869510, -0.984405, -0.326144
-4.576129, 7.177594, 3.161541, -1.869269, -0.984784, -0.326311
-4.577998, 7.176609, 3.161215, -1.869027, -0.985162, -0.326478
-4.579867, 7.175624, 3.160888, -1.868786, -0.985541, -0.326644
-4.581736, 7.174639, 3.160561, -1.868544, -0.985919, -0.326811
-4.583604, 7.173653, 3.160235, -1.868303, -0.986297, -0.326978
-4.585473, 7.172666, 3.159908, -1.868061, -0.986675, -0.327144
-4.587341, 7.171680, 3.159580, -1.867819, -0.987053, -0.327311
-4.589208, 7.170693, 3.159253, -1.867577, -0.987432, -0.327477
-4.591076, 7.169705, 3.158926, -1.867335, -0.987810, -0.327644
-4.592943, 7.168717, 3.158598, -1.867093, -0.988187, -0.327810
-4.594810, 7.167729, 3.158270, -1.866851, -0.988565, -0.327977
-4.596677, 7.166741, 3.157942, -1.866608, -0.988943, -0.328143
-4.598544, 7.165752, 3.157614, -1.866366, -0.989321, -0.328310
-4.600410, 7.164762, 3.157286, -1.866123, -0.989699, -0.328476
-4.602276, 7.163773, 3.156957, -1.865881, -0.990076, -0.328643
-4.604142, 7.162783, 3.156629, -1.865638, -0.990454, -0.328809
-4.606008, 7.161792, 3.156300, -1.865395, -0.990831, -0.328976
-4.607873, 7.160801, 3.155971, -1.865152, -0.991209, -0.329142
-4.609738, 7.159810, 3.155642, -1.864909, -0.991586, -0.329308
-4.611603, 7.158818, 3.155312, -1.864666, -0.991964, -0.329475
-4.613468, 7.157826, 3.154983, -1.864423, -0.992341, -0.329641
-4.615332, 7.156834, 3.154653, -1.864180, -0.992718, -0.329807
-4.617197, 7.155841, 3.154324, -1.863937, -0.993095, -0.329973
-4.619061, 7.154848, 3.153994, -1.863693, -0.993473, -0.330140
-4.620924, 7.153855, 3.153663, -1.863450, -0.993850, -0.330306
-4.622788, 7.152861, 3.153333, -1.863206, -0.994227, -0.330472
-4.624651, 7.151867, 3.153003, -1.862962, -0.994604, -0.330638
-4.626514, 7.150872, 3.152672, -1.862718, -0.994980, -0.330804
-4.628377, 7.149877, 3.152341, -1.862474, -0.995357, -0.330971
-4.630239, 7.148882, 3.152010, -1.862230, -0.995734, -0.331137
-4.632101, 7.147886, 3.151679, -1.861986, -0.996111, -0.331303
-4.633963, 7.146890, 3.151348, -1.861742, -0.996487, -0.331469
-4.635825, 7.145894, 3.151016, -1.861498, -0.996864, -0.331635
-4.637687, 7.144897, 3.150685, -1.861253, -0.997241, -0.331801
-4.639548, 7.143899, 3.150353, -1.861009, -0.997617, -0.331967
-4.641409, 7.142902, 3.150021, -1.860764, -0.997993, -0.332133
-4.643270, 7.141904, 3.149689, -1.860519, -0.998370, -0.332299
-4.645130, 7.140905, 3.149356, -1.860275, -0.998746, -0.332465
-4.646990, 7.139907, 3.149024, -1.860030, -0.999122, -0.332631
-4.648850, 7.138908, 3.148691, -1.859785, -0.999498, -0.332797
-4.650710, 7.137908, 3.148359, -1.859540, -0.999875, -0.332963
-4.652570, 7.136908, 3.148026, -1.859295, -1.000251, -0.333129
-4.654429, 7.135908, 3.147692, -1.859049, -1.000627, -0.333294
-4.656288, 7.134907, 3.147359, -1.858804, -1.001003, -0.333460
-4.658147, 7.133906, 3.147026, -1.858559, -1.001379, -0.333626
-4.660005, 7.132905, 3.146692, -1.858313, -1.001754, -0.333792
-4.661864, 7.131903, 3.146358, -1.858067, -1.002130, -0.333958
-4.663722, 7.130901, 3.146024, -1.857822, -1.002506, -0.334123
-4.665580, 7.129899, 3.145690, -1.857576, -1.002881, -0.334289
-4.667437, 7.128896, 3.145356, -1.857330, -1.003257, -0.334455
-4.669295, 7.127892, 3.145021, -1.857084, -1.003633, -0.334621
-4.671152, 7.126889, 3.144687, -1.856838, -1.004008, -0.334786
-4.673008, 7.125885, 3.144352, -1.856592, -1.004383, -0.334952
-4.674865, 7.124880, 3.144017, -1.856345, -1.004759, -0.335118
-4.676721, 7.123876, 3.143682, -1.856099, -1.005134, -0.335283
-4.678578, 7.122870, 3.143347, -1.855853, -1.005509, -0.335449
-4.680433, 7.121865, 3.143011, -1.855606, -1.005885, -0.335614
-4.682289, 7.120859, 3.142676, -1.855359, -1.006260, -0.335780
-4.684144, 7.119853, 3.142340, -1.855113, -1.006635, -0.335945
-4.685999, 7.118846, 3.142004, -1.854866, -1.007010, -0.336111
-4.687854, 7.117839, 3.141668, -1.854619, -1.007385, -0.336276
-4.689709, 7.116832, 3.141332, -1.854372, -1.007759, -0.336442
-4.691563, 7.115824, 3.140995, -1.854125, -1.008134, -0.336607
-4.693417, 7.114816, 3.140658, -1.853877, -1.008509, -0.336773
-4.695271, 7.113807, 3.140322, -1.853630, -1.008884, -0.336938
-4.697125, 7.112799, 3.139985, -1.853383, -1.009258, -0.337103
-4.698978, 7.111789, 3.139648, -1.853135, -1.009633, -0.337269
-4.700831, 7.110780, 3.139310, -1.852888, -1.010008, -0.337434
-4.702684, 7.109770, 3.138973, -1.852640, -1.010382, -0.337600
-4.704537, 7.108759, 3.138635, -1.852392, -1.010756, -0.337765
-4.706389, 7.107748, 3.138298, -1.852144, -1.011131, -0.337930
-4.708242, 7.106737, 3.137960, -1.851896, -1.011505, -0.338095
-4.710093, 7.105726, 3.137622, -1.851648, -1.011879, -0.338261
-4.711945, 7.104714, 3.137283, -1.851400, -1.012253, -0.338426
-4.713796, 7.103702, 3.136945, -1.851152, -1.012627, -0.338591
-4.715648, 7.102689, 3.136606, -1.850904, -1.013002, -0.338756
-4.717499, 7.101676, 3.136268, -1.850655, -1.013376, -0.338921
-4.719349, 7.100663, 3.135929, -1.850407, -1.013749, -0.339087
-4.721200, 7.099649, 3.135590, -1.850158, -1.014123, -0.339252
-4.723050, 7.098635, 3.135250, -1.849909, -1.014497, -0.339417
-4.724900, 7.097620, 3.134911, -1.849661, -1.014871, -0.339582
-4.726749, 7.096605, 3.134571, -1.849412, -1.015245, -0.339747
-4.728599, 7.095590, 3.134232, -1.849163, -1.015618, -0.339912
-4.730448, 7.094575, 3.133892, -1.848914, -1.015992, -0.340077
-4.732297, 7.093559, 3.133552, -1.848664, -1.016365, -0.340242
-4.734145, 7.092542, 3.133211, -1.848415, -1.016739, -0.340407
-4.735994, 7.091525, 3.132871, -1.848166, -1.017112, -0.340572
-4.737842, 7.090508, 3.132530, -1.847916, -1.017485, -0.340737
-4.739690, 7.089491, 3.132190, -1.847667, -1.017859, -0.340902
-4.741538, 7.088473, 3.131849, -1.847417, -1.018232, -0.341067
-4.743385, 7.087455, 3.131508, -1.847167, -1.018605, -0.341231
-4.745232, 7.086436, 3.131166, -1.846918, -1.018978, -0.341396
-4.747079, 7.085417, 3.130825, -1.846668, -1.019351, -0.341561
-4.748926, 7.084398, 3.130483, -1.846418, -1.019724, -0.341726
-4.750772, 7.083378, 3.130142, -1.846168, -1.020097, -0.341891
-4.752618, 7.082358, 3.129800, -1.845917, -1.020470, -0.342055
-4.754464, 7.081338, 3.129458, -1.845667, -1.020843, -0.342220
-4.756310, 7.080317, 3.129116, -1.845417, -1.021215, -0.342385
-4.758155, 7.079296, 3.128773, -1.845166, -1.021588, -0.342550
-4.760001, 7.078274, 3.128431, -1.844916, -1.021961, -0.342714
-4.761845, 7.077252, 3.128088, -1.844665, -1.022333, -0.342879
-4.763690, 7.076230, 3.127745, -1.844414, -1.022706, -0.343044
-4.765535, 7.075207, 3.127402, -1.844163, -1.023078, -0.343208
-4.767379, 7.074184, 3.127059, -1.843912, -1.023450, -0.343373
-4.769223, 7.073160, 3.126715, -1.843661, -1.023823, -0.343537
-4.771066, 7.072137, 3.126372, -1.843410, -1.024195, -0.343702
-4.772910, 7.071112, 3.126028, -1.843159, -1.024567, -0.343867
-4.774753, 7.070088, 3.125684, -1.842908, -1.024939, -0.344031
-4.776596, 7.069063, 3.125340, -1.842656, -1.025311, -0.344196
-4.778438, 7.068038, 3.124996, -1.842405, -1.025683, -0.344360
-4.780281, 7.067012, 3.124652, -1.842153, -1.026055, -0.344524
-4.782123, 7.065986, 3.124307, -1.841902, -1.026427, -0.344689
-4.783965, 7.064959, 3.123962, -1.841650, -1.026799, -0.344853
-4.785807, 7.063933, 3.123618, -1.841398, -1.027171, -0.345018
-4.787648, 7.062905, 3.123273, -1.841146, -1.027542, -0.345182
-4.789489, 7.061878, 3.122927, -1.840894, -1.027914, -0.345346
-4.791330, 7.060850, 3.122582, -1.840642, -1.028286, -0.345511
-4.793171, 7.059822, 3.122237, -1.840390, -1.028657, -0.345675
-4.795011, 7.058793, 3.121891, -1.840137, -1.029029, -0.345839
-4.796851, 7.057764, 3.121545, -1.839885, -1.029400, -0.346004
-4.798691, 7.056735, 3.121199, -1.839632, -1.029771, -0.346168
-4.800531, 7.055705, 3.120853, -1.839380, -1.030143, -0.346332
-4.802370, 7.054675, 3.120507, -1.839127, -1.030514, -0.346496
-4.804209, 7.053644, 3.120160, -1.838874, -1.030885, -0.346660
-4.806048, 7.052613, 3.119813, -1.838621, -1.031256, -0.346825
-4.807887, 7.051582, 3.119467, -1.838368, -1.031627, -0.346989
-4.809725, 7.050550, 3.119120, -1.838115, -1.031998, -0.347153
-4.811563, 7.049518, 3.118772, -1.837862, -1.032369, -0.347317
-4.813401, 7.048486, 3.118425, -1.837609, -1.032740, -0.347481
-4.815239, 7.047453, 3.118078, -1.837356, -1.033111, -0.347645
-4.817076, 7.046420, 3.117730, -1.837102, -1.033481, -0.347809
-4.818913, 7.045387, 3.117382, -1.836849, -1.033852, -0.347973
-4.820750, 7.044353, 3.117034, -1.836595, -1.034223, -0.348137
-4.822587, 7.043319, 3.116686, -1.836341, -1.034593, -0.348301
-4.824423, 7.042284, 3.116338, -1.836087, -1.034964, -0.348465
-4.826259, 7.041249, 3.115989, -1.835834, -1.035334, -0.348629
-4.828095, 7.040214, 3.115641, -1.835580, -1.035704, -0.348793
-4.829930, 7.039178, 3.115292, -1.835325, -1.036075, -0.348957
-4.831766, 7.038142, 3.114943, -1.835071, -1.036445, -0.349121
-4.833601, 7.037106, 3.114594, -1.834817, -1.036815, -0.349284
-4.835436, 7.036069, 3.114245, -1.834563, -1.037185, -0.349448
-4.837270, 7.035032, 3.113895, -1.834308, -1.037555, -0.349612
-4.839104, 7.033994, 3.113545, -1.834054, -1.037925, -0.349776
-4.840938, 7.032956, 3.113196, -1.833799, -1.038295, -0.349939
-4.842772, 7.031918, 3.112846, -1.833544, -1.038665, -0.350103
-4.844606, 7.030879, 3.112496, -1.833290, -1.039035, -0.350267
-4.846439, 7.029840, 3.112145, -1.833035, -1.039405, -0.350431
-4.848272, 7.028801, 3.111795, -1.832780, -1.039774, -0.350594
-4.850105, 7.027761, 3.111444, -1.832525, -1.040144, -0.350758
-4.851937, 7.026721, 3.111094, -1.832269, -1.040513, -0.350922
-4.853770, 7.025680, 3.110743, -1.832014, -1.040883, -0.351085
-4.855602, 7.024639, 3.110392, -1.831759, -1.041252, -0.351249
-4.857433, 7.023598, 3.110040, -1.831503, -1.041622, -0.351412
-4.859265, 7.022556, 3.109689, -1.831248, -1.041991, -0.351576
-4.861096, 7.021514, 3.109337, -1.830992, -1.042360, -0.351739
-4.862927, 7.020472, 3.108986, -1.830736, -1.042730, -0.351903
-4.864758, 7.019429, 3.108634, -1.830481, -1.043099, -0.352066
-4.866588, 7.018386, 3.108282, -1.830225, -1.043468, -0.352230
-4.868419, 7.017343, 3.107929, -1.829969, -1.043837, -0.352393
-4.870249, 7.016299, 3.107577, -1.829712, -1.044206, -0.352557
-4.872078, 7.015255, 3.107224, -1.829456, -1.044575, -0.352720
-4.873908, 7.014210, 3.106872, -1.829200, -1.044943, -0.352883
-4.875737, 7.013165, 3.106519, -1.828944, -1.045312, -0.353047
-4.877566, 7.012120, 3.106166, -1.828687, -1.045681, -0.353210
-4.879395, 7.011074, 3.105813, -1.828431, -1.046050, -0.353373
-4.881223, 7.010028, 3.105459, -1.828174, -1.046418, -0.353537
-4.883051, 7.008982, 3.105106, -1.827917, -1.046787, -0.353700
-4.884879, 7.007935, 3.104752, -1.827660, -1.047155, -0.353863
-4.886707, 7.006888, 3.104398, -1.827403, -1.047523, -0.354026
-4.888534, 7.005840, 3.104044, -1.827146, -1.047892, -0.354190
-4.890361, 7.004792, 3.103690, -1.826889, -1.048260, -0.354353
-4.892188, 7.003744, 3.103336, -1.826632, -1.048628, -0.354516
-4.894015, 7.002696, 3.102981, -1.826375, -1.048996, -0.354679
-4.895841, 7.001647, 3.102626, -1.826117, -1.049365, -0.354842
-4.897667, 7.000597, 3.102272, -1.825860, -1.049733, -0.355005
-4.899493, 6.999547, 3.101917, -1.825602, -1.050101, -0.355168
-4.901319, 6.998497, 3.101561, -1.825345, -1.050468, -0.355331
-4.903144, 6.997447, 3.101206, -1.825087, -1.050836, -0.355494
-4.904969, 6.996396, 3.100851, -1.824829, -1.051204, -0.355657
-4.906794, 6.995345, 3.100495, -1.824571, -1.051572, -0.355820
-4.908619, 6.994293, 3.100139, -1.824313, -1.051939, -0.355983
-4.910443, 6.993241, 3.099783, -1.824055, -1.052307, -0.356146
-4.912267, 6.992189, 3.099427, -1.823797, -1.052675, -0.356309
-4.914091, 6.991136, 3.099071, -1.823539, -1.053042, -0.356472
-4.915914, 6.990083, 3.098714, -1.823280, -1.053409, -0.356635
-4.917738, 6.989030, 3.098358, -1.823022, -1.053777, -0.356798
-4.919561, 6.987976, 3.098001, -1.822763, -1.054144, -0.356961
-4.921383, 6.986922, 3.097644, -1.822505, -1.054511, -0.357123
-4.923206, 6.985867, 3.097287, -1.822246, -1.054878, -0.357286
-4.925028, 6.984813, 3.096929, -1.821987, -1.055245, -0.357449
-4.926850, 6.983757, 3.096572, -1.821728, -1.055613, -0.357612
-4.928672, 6.982702, 3.096214, -1.821469, -1.055980, -0.357774
-4.930493, 6.981646, 3.095857, -1.821210, -1.056346, -0.357937
-4.932315, 6.980589, 3.095499, -1.820951, -1.056713, -0.358100
-4.934136, 6.979533, 3.095140, -1.820691, -1.057080, -0.358262
-4.935956, 6.978476, 3.094782, -1.820432, -1.057447, -0.358425
-4.937777, 6.977418, 3.094424, -1.820172, -1.057813, -0.358588
-4.939597, 6.976360, 3.094065, -1.819913, -1.058180, -0.358750
-4.941417, 6.975302, 3.093706, -1.819653, -1.058547, -0.358913
-4.943236, 6.974244, 3.093348, -1.819394, -1.058913, -0.359075
-4.945056, 6.973185, 3.092988, -1.819134, -1.059279, -0.359238
-4.946875, 6.972125, 3.092629, -1.818874, -1.059646, -0.359400
-4.948694, 6.971066, 3.092270, -1.818614, -1.060012, -0.359563
-4.950512, 6.970006, 3.091910, -1.818354, -1.060378, -0.359725
-4.952331, 6.968945, 3.091551, -1.818093, -1.060744, -0.359888
-4.954149, 6.967885, 3.091191, -1.817833, -1.061111, -0.360050
-4.955967, 6.966824, 3.090831, -1.817573, -1.061477, -0.360213
-4.957784, 6.965762, 3.090470, -1.817312, -1.061843, -0.360375
-4.959602, 6.964700, 3.090110, -1.817052, -1.062209, -0.360537
-4.961419, 6.963638, 3.089749, -1.816791, -1.062574, -0.360700
-4.963235, 6.962575, 3.089389, -1.816530, -1.062940, -0.360862
-4.965052, 6.961513, 3.089028, -1.816269, -1.063306, -0.361024
-4.966868, 6.960449, 3.088667, -1.816008, -1.063672, -0.361186
-4.968684, 6.959386, 3.088306, -1.815747, -1.064037, -0.361349
-4.970500, 6.958321, 3.087944, -1.815486, -1.064403, -0.361511
-4.972315, 6.957257, 3.087583, -1.815225, -1.064768, -0.361673
-4.974131, 6.956192, 3.087221, -1.814964, -1.065134, -0.361835
-4.975946, 6.955127, 3.086859, -1.814702, -1.065499, -0.361997
-4.977760, 6.954062, 3.086497, -1.814441, -1.065864, -0.362160
-4.979575, 6.952996, 3.086135, -1.814179, -1.066229, -0.362322
-4.981389, 6.951930, 3.085773, -1.813918, -1.066595, -0.362484
-4.983203, 6.950863, 3.085410, -1.813656, -1.066960, -0.362646
-4.985017, 6.949796, 3.085048, -1.813394, -1.067325, -0.362808
-4.986830, 6.948729, 3.084685, -1.813132, -1.067690, -0.362970
-4.988643, 6.947661, 3.084322, -1.812870, -1.068055, -0.363132
-4.990456, 6.946593, 3.083959, -1.812608, -1.068419, -0.363294
-4.992269, 6.945525, 3.083596, -1.812346, -1.068784, -0.363456
-4.994081, 6.944456, 3.083232, -1.812084, -1.069149, -0.363618
-4.995893, 6.943387, 3.082868, -1.811821, -1.069514, -0.363780
-4.997705, 6.942317, 3.082505, -1.811559, -1.069878, -0.363942
-4.999516, 6.941247, 3.082141, -1.811296, -1.070243, -0.364103
-5.001328, 6.940177, 3.081777, -1.811034, -1.070607, -0.364265
-5.003139, 6.939106, 3.081412, -1.810771, -1.070972, -0.364427
-5.004949, 6.938035, 3.081048, -1.810508, -1.071336, -0.364589
-5.006760, 6.936964, 3.080683, -1.810245, -1.071700, -0.364751
-5.008570, 6.935892, 3.080319, -1.809982, -1.072064, -0.364912
-5.010380, 6.934820, 3.079954, -1.809719, -1.072429, -0.365074
-5.012190, 6.933748, 3.079589, -1.809456, -1.072793, -0.365236
-5.013999, 6.932675, 3.079223, -1.809192, -1.073157, -0.365398
-5.015809, 6.931602, 3.078858, -1.808929, -1.073521, -0.365559
-5.017618, 6.930528, 3.078492, -1.808666, -1.073885, -0.365721
-5.019426, 6.929455, 3.078127, -1.808402, -1.074248, -0.365882
-5.021235, 6.928380, 3.077761, -1.808138, -1.074612, -0.366044
-5.023043, 6.927306, 3.077395, -1.807875, -1.074976, -0.366206
-5.024851, 6.926231, 3.077029, -1.807611, -1.075340, -0.366367
-5.026658, 6.925155, 3.076662, -1.807347, -1.075703, -0.366529
-5.028466, 6.924080, 3.076296, -1.807083, -1.076067, -0.366690
-5.030273, 6.923004, 3.075929, -1.806819, -1.076430, -0.366852
-5.032079, 6.921927, 3.075562, -1.806555, -1.076794, -0.367013
-5.033886, 6.920850, 3.075195, -1.806290, -1.077157, -0.367175
-5.035692, 6.919773, 3.074828, -1.806026, -1.077520, -0.367336
-5.037498, 6.918696, 3.074461, -1.805762, -1.077883, -0.367497
-5.039304, 6.917618, 3.074093, -1.805497, -1.078247, -0.367659
-5.041110, 6.916540, 3.073725, -1.805232, -1.078610, -0.367820
-5.042915, 6.915461, 3.073358, -1.804968, -1.078973, -0.367982
-5.044720, 6.914382, 3.072990, -1.804703, -1.079336, -0.368143
-5.046524, 6.913303, 3.072621, -1.804438, -1.079699, -0.368304
-5.048329, 6.912223, 3.072253, -1.804173, -1.080061, -0.368465
-5.050133, 6.911143, 3.071885, -1.803908, -1.080424, -0.368627
-5.051937, 6.910062, 3.071516, -1.803643, -1.080787, -0.368788
-5.053741, 6.908982, 3.071147, -1.803378, -1.081149, -0.368949
-5.055544, 6.907901, 3.070778, -1.803112, -1.081512, -0.369110
-5.057347, 6.906819, 3.070409, -1.802847, -1.081875, -0.369271
-5.059150, 6.905737, 3.070040, -1.802581, -1.082237, -0.369433
-5.060953, 6.904655, 3.069671, -1.802316, -1.082599, -0.369594
-5.062755, 6.903572, 3.069301, -1.802050, -1.082962, -0.369755
-5.064557, 6.902489, 3.068931, -1.801784, -1.083324, -0.369916
-5.066359, 6.901406, 3.068561, -1.801518, -1.083686, -0.370077
-5.068160, 6.900322, 3.068191, -1.801252, -1.084048, -0.370238
-5.069961, 6.899238, 3.067821, -1.800986, -1.084410, -0.370399
-5.071762, 6.898154, 3.067451, -1.800720, -1.084772, -0.370560
-5.073563, 6.897069, 3.067080, -1.800454, -1.085134, -0.370721
-5.075364, 6.895984, 3.066709, -1.800187, -1.085496, -0.370882
-5.077164, 6.894898, 3.066338, -1.799921, -1.085858, -0.371043
-5.078964, 6.893813, 3.065967, -1.799654, -1.086220, -0.371204
-5.080763, 6.892726, 3.065596, -1.799388, -1.086581, -0.371364
-5.082563, 6.891640, 3.065225, -1.799121, -1.086943, -0.371525
-5.084362, 6.890553, 3.064853, -1.798854, -1.087305, -0.371686
-5.086161, 6.889466, 3.064482, -1.798587, -1.087666, -0.371847
-5.087959, 6.888378, 3.064110, -1.798321, -1.088028, -0.372008
-5.089758, 6.887290, 3.063738, -1.798053, -1.088389, -0.372168
-5.091556, 6.886201, 3.063366, -1.797786, -1.088750, -0.372329
-5.093354, 6.885113, 3.062993, -1.797519, -1.089111, -0.372490
-5.095151, 6.884024, 3.062621, -1.797252, -1.089473, -0.372650
-5.096948, 6.882934, 3.062248, -1.796984, -1.089834, -0.372811
-5.098745, 6.881844, 3.061875, -1.796717, -1.090195, -0.372972
-5.100542, 6.880754, 3.061502, -1.796449, -1.090556, -0.373132
-5.102338, 6.879664, 3.061129, -1.796182, -1.090917, -0.373293
-5.104135, 6.878573, 3.060756, -1.795914, -1.091277, -0.373454
-5.105931, 6.877481, 3.060382, -1.795646, -1.091638, -0.373614
-5.107726, 6.876390, 3.060009, -1.795378, -1.091999, -0.373775
-5.109522, 6.875298, 3.059635, -1.795110, -1.092360, -0.373935
-5.111317, 6.874205, 3.059261, -1.794842, -1.092720, -0.374096
-5.113112, 6.873113, 3.058887, -1.794574, -1.093081, -0.374256
-5.114906, 6.872020, 3.058513, -1.794305, -1.093441, -0.374416
-5.116700, 6.870926, 3.058138, -1.794037, -1.093802, -0.374577
-5.118494, 6.869832, 3.057764, -1.793769, -1.094162, -0.374737
-5.120288, 6.868738, 3.057389, -1.793500, -1.094522, -0.374898
-5.122082, 6.867644, 3.057014, -1.793231, -1.094883, -0.375058
-5.123875, 6.866549, 3.056639, -1.792963, -1.095243, -0.375218
-5.125668, 6.865453, 3.056264, -1.792694, -1.095603, -0.375379
-5.127461, 6.864358, 3.055888, -1.792425, -1.095963, -0.375539
-5.129253, 6.863262, 3.055513, -1.792156, -1.096323, -0.375699
-5.131045, 6.862166, 3.055137, -1.791887, -1.096683, -0.375859
-5.132837, 6.861069, 3.054761, -1.791617, -1.097042, -0.376020
-5.134629, 6.859972, 3.054385, -1.791348, -1.097402, -0.376180
-5.136420, 6.858874, 3.054009, -1.791079, -1.097762, -0.376340
-5.138211, 6.857777, 3.053633, -1.790809, -1.098122, -0.376500
-5.140002, 6.856679, 3.053256, -1.790540, -1.098481, -0.376660
-5.141792, 6.855580, 3.052880, -1.790270, -1.098841, -0.376820
-5.143583, 6.854481, 3.052503, -1.790000, -1.099200, -0.376980
-5.145373, 6.853382, 3.052126, -1.789731, -1.099559, -0.377140
-5.147162, 6.852283, 3.051749, -1.789461, -1.099919, -0.377300
-5.148952, 6.851183, 3.051371, -1.789191, -1.100278, -0.377460
-5.150741, 6.850082, 3.050994, -1.788921, -1.100637, -0.377620
-5.152530, 6.848982, 3.050616, -1.788651, -1.100996, -0.377780
-5.154319, 6.847881, 3.050239, -1.788380, -1.101355, -0.377940
-5.156107, 6.846779, 3.049861, -1.788110, -1.101714, -0.378100
-5.157895, 6.845678, 3.049483, -1.787840, -1.102073, -0.378260
-5.159683, 6.844576, 3.049104, -1.787569, -1.102432, -0.378420
-5.161471, 6.843473, 3.048726, -1.787298, -1.102791, -0.378580
-5.163258, 6.842370, 3.048347, -1.787028, -1.103150, -0.378740
-5.165045, 6.841267, 3.047969, -1.786757, -1.103508, -0.378899
-5.166832, 6.840164, 3.047590, -1.786486, -1.103867, -0.379059
-5.168618, 6.839060, 3.047211, -1.786215, -1.104225, -0.379219
-5.170404, 6.837956, 3.046831, -1.785944, -1.104584, -0.379379
-5.172190, 6.836851, 3.046452, -1.785673, -1.104942, -0.379538
-5.173976, 6.835746, 3.046072, -1.785402, -1.105301, -0.379698
-5.175761, 6.834641, 3.045693, -1.785130, -1.105659, -0.379858
-5.177547, 6.833535, 3.045313, -1.784859, -1.106017, -0.380017
-5.179331, 6.832429, 3.044933, -1.784587, -1.106375, -0.380177
-5.181116, 6.831323, 3.044553, -1.784316, -1.106733, -0.380336
-5.182900, 6.830216, 3.044172, -1.784044, -1.107091, -0.380496
-5.184684, 6.829109, 3.043792, -1.783772, -1.107449, -0.380656
-5.186468, 6.828001, 3.043411, -1.783501, -1.107807, -0.380815
-5.188252, 6.826894, 3.043030, -1.783229, -1.108165, -0.380975
-5.190035, 6.825785, 3.042649, -1.782957, -1.108523, -0.381134
-5.191818, 6.824677, 3.042268, -1.782684, -1.108880, -0.381294
-5.193600, 6.823568, 3.041887, -1.782412, -1.109238, -0.381453
-5.195383, 6.822459, 3.041506, -1.782140, -1.109596, -0.381612
-5.197165, 6.821349, 3.041124, -1.781868, -1.109953, -0.381772
-5.198947, 6.820239, 3.040742, -1.781595, -1.110311, -0.381931
-5.200728, 6.819129, 3.040360, -1.781323, -1.110668, -0.382090
-5.202510, 6.818018, 3.039978, -1.781050, -1.111025, -0.382250
-5.204291, 6.816907, 3.039596, -1.780777, -1.111383, -0.382409
-5.206072, 6.815796, 3.039213, -1.780504, -1.111740, -0.382568
-5.207852, 6.814684, 3.038831, -1.780232, -1.112097, -0.382728
-5.209632, 6.813572, 3.038448, -1.779959, -1.112454, -0.382887
-5.211412, 6.812460, 3.038065, -1.779685, -1.112811, -0.383046
-5.213192, 6.811347, 3.037682, -1.779412, -1.113168, -0.383205
-5.214971, 6.810234, 3.037299, -1.779139, -1.113525, -0.383364
-5.216751, 6.809120, 3.036916, -1.778866, -1.113881, -0.383523
-5.218529, 6.808006, 3.036532, -1.778592, -1.114238, -0.383683
-5.220308, 6.806892, 3.036148, -1.778319, -1.114595, -0.383842
-5.222086, 6.805777, 3.035765, -1.778045, -1.114951, -0.384001
-5.223864, 6.804662, 3.035381, -1.777771, -1.115308, -0.384160
-5.225642, 6.803547, 3.034996, -1.777498, -1.115664, -0.384319
-5.227420, 6.802431, 3.034612, -1.777224, -1.116021, -0.384478
-5.229197, 6.801315, 3.034228, -1.776950, -1.116377, -0.384637
-5.230974, 6.800199, 3.033843, -1.776676, -1.116733, -0.384796
-5.232750, 6.799082, 3.033458, -1.776402, -1.117089, -0.384955
-5.234527, 6.797965, 3.033073, -1.776127, -1.117446, -0.385113
-5.236303, 6.796848, 3.032688, -1.775853, -1.117802, -0.385272
-5.238079, 6.795730, 3.032303, -1.775579, -1.118158, -0.385431
-5.239854, 6.794612, 3.031917, -1.775304, -1.118514, -0.385590
-5.241630, 6.793493, 3.031532, -1.775030, -1.118869, -0.385749
-5.243405, 6.792374, 3.031146, -1.774755, -1.119225, -0.385908
-5.245180, 6.791255, 3.030760, -1.774480, -1.119581, -0.386066
-5.246954, 6.790136, 3.030374, -1.774205, -1.119937, -0.386225
-5.248728, 6.789016, 3.029988, -1.773930, -1.120292, -0.386384
-5.250502, 6.787895, 3.029602, -1.773655, -1.120648, -0.386542
-5.252276, 6.786775, 3.029215, -1.773380, -1.121003, -0.386701
-5.254049, 6.785654, 3.028828, -1.773105, -1.121359, -0.386860
-5.255822, 6.784532, 3.028441, -1.772830, -1.121714, -0.387018
-5.257595, 6.783411, 3.028054, -1.772554, -1.122069, -0.387177
-5.259368, 6.782289, 3.027667, -1.772279, -1.122424, -0.387335
-5.261140, 6.781166, 3.027280, -1.772004, -1.122780, -0.387494
-5.262912, 6.780043, 3.026892, -1.771728, -1.123135, -0.387653
-5.264684, 6.778920, 3.026505, -1.771452, -1.123490, -0.387811
-5.266455, 6.777797, 3.026117, -1.771176, -1.123845, -0.387970
-5.268226, 6.776673, 3.025729, -1.770900, -1.124200, -0.388128
-5.269997, 6.775549, 3.025341, -1.770625, -1.124554, -0.388286
-5.271768, 6.774424, 3.024953, -1.770348, -1.124909, -0.388445
-5.273538, 6.773299, 3.024564, -1.770072, -1.125264, -0.388603
-5.275308, 6.772174, 3.024176, -1.769796, -1.125618, -0.388762
-5.277078, 6.771048, 3.023787, -1.769520, -1.125973, -0.388920
-5.278848, 6.769922, 3.023398, -1.769243, -1.126327, -0.389078
-5.280617, 6.768796, 3.023009, -1.768967, -1.126682, -0.389236
-5.282386, 6.767669, 3.022620, -1.768690, -1.127036, -0.389395
-5.284154, 6.766542, 3.022230, -1.768414, -1.127391, -0.389553
-5.285923, 6.765415, 3.021841, -1.768137, -1.127745, -0.389711
-5.287691, 6.764287, 3.021451, -1.767860, -1.128099, -0.389869
-5.289459, 6.763159, 3.021061, -1.767583, -1.128453, -0.390028
-5.291226, 6.762031, 3.020671, -1.767306, -1.128807, -0.390186
-5.292994, 6.760902, 3.020281, -1.767029, -1.129161, -0.390344
-5.294761, 6.759773, 3.019890, -1.766752, -1.129515, -0.390502
-5.296528, 6.758643, 3.019500, -1.766474, -1.129869, -0.390660
-5.298294, 6.757513, 3.019109, -1.766197, -1.130222, -0.390818
-5.300060, 6.756383, 3.018718, -1.765920, -1.130576, -0.390976
-5.301826, 6.755253, 3.018327, -1.765642, -1.130930, -0.391134
-5.303592, 6.754122, 3.017936, -1.765364, -1.131283, -0.391292
-5.305357, 6.752990, 3.017545, -1.765087, -1.131637, -0.391450
-5.307122, 6.751859, 3.017154, -1.764809, -1.131990, -0.391608
-5.308887, 6.750727, 3.016762, -1.764531, -1.132344, -0.391766
-5.310652, 6.749594, 3.016370, -1.764253, -1.132697, -0.391924
-5.312416, 6.748462, 3.015978, -1.763975, -1.133050, -0.392082
-5.314180, 6.747329, 3.015586, -1.763697, -1.133403, -0.392239
-5.315944, 6.746195, 3.015194, -1.763419, -1.133756, -0.392397
-5.317707, 6.745061, 3.014802, -1.763140, -1.134109, -0.392555
-5.319470, 6.743927, 3.014409, -1.762862, -1.134462, -0.392713
-5.321233, 6.742793, 3.014016, -1.762583, -1.134815, -0.392871
-5.322996, 6.741658, 3.013623, -1.762305, -1.135168, -0.393028
-5.324758, 6.740523, 3.013230, -1.762026, -1.135521, -0.393186
-5.326520, 6.739387, 3.012837, -1.761747, -1.135874, -0.393344
-5.328282, 6.738251, 3.012444, -1.761468, -1.136226, -0.393501
-5.330043, 6.737115, 3.012050, -1.761190, -1.136579, -0.393659
-5.331804, 6.735979, 3.011657, -1.760911, -1.136931, -0.393817
-5.333565, 6.734842, 3.011263, -1.760631, -1.137284, -0.393974
-5.335326, 6.733704, 3.010869, -1.760352, -1.137636, -0.394132
-5.337086, 6.732567, 3.010475, -1.760073, -1.137988, -0.394289
-5.338846, 6.731429, 3.010081, -1.759794, -1.138341, -0.394447
-5.340606, 6.730290, 3.009686, -1.759514, -1.138693, -0.394604
-5.342366, 6.729152, 3.009291, -1.759235, -1.139045, -0.394762
-5.344125, 6.728013, 3.008897, -1.758955, -1.139397, -0.394919
-5.345884, 6.726873, 3.008502, -1.758675, -1.139749, -0.395077
-5.347642, 6.725734, 3.008107, -1.758395, -1.140101, -0.395234
-5.349401, 6.724594, 3.007711, -1.758116, -1.140453, -0.395391
-5.351159, 6.723453, 3.007316, -1.757836, -1.140804, -0.395549
-5.352917, 6.722312, 3.006921, -1.757556, -1.141156, -0.395706
-5.354674, 6.721171, 3.006525, -1.757275, -1.141508, -0.395863
-5.356432, 6.720030, 3.006129, -1.756995, -1.141859, -0.396021
-5.358189, 6.718888, 3.005733, -1.756715, -1.142211, -0.396178
-5.359945, 6.717746, 3.005337, -1.756434, -1.142562, -0.396335
-5.361702, 6.716603, 3.004940, -1.756154, -1.142914, -0.396492
-5.363458, 6.715460, 3.004544, -1.755873, -1.143265, -0.396649
-5.365214, 6.714317, 3.004147, -1.755593, -1.143616, -0.396807
-5.366969, 6.713173, 3.003750, -1.755312, -1.143967, -0.396964
-5.368725, 6.712029, 3.003354, -1.755031, -1.144318, -0.397121
-5.370480, 6.710885, 3.002956, -1.754750, -1.144669, -0.397278
-5.372234, 6.709740, 3.002559, -1.754469, -1.145020, -0.397435
-5.373989, 6.708595, 3.002162, -1.754188, -1.145371, -0.397592
-5.375743, 6.707450, 3.001764, -1.753907, -1.145722, -0.397749
-5.377497, 6.706304, 3.001366, -1.753626, -1.146073, -0.397906
-5.379251, 6.705158, 3.000968, -1.753344, -1.146424, -0.398063
-5.381004, 6.704012, 3.000570, -1.753063, -1.146774, -0.398220
-5.382757, 6.702865, 3.000172, -1.752781, -1.147125, -0.398377
-5.384510, 6.701718, 2.999774, -1.752500, -1.147475, -0.398534
-5.386262, 6.700570, 2.999375, -1.752218, -1.147826, -0.398690
-5.388015, 6.699422, 2.998977, -1.751936, -1.148176, -0.398847
-5.389766, 6.698274, 2.998578, -1.751654, -1.148526, -0.399004
-5.391518, 6.697126, 2.998179, -1.751372, -1.148877, -0.399161
-5.393269, 6.695977, 2.997780, -1.751090, -1.149227, -0.399318
-5.395021, 6.694828, 2.997380, -1.750808, -1.149577, -0.399474
-5.396771, 6.693678, 2.996981, -1.750526, -1.149927, -0.399631
-5.398522, 6.692528, 2.996581, -1.750244, -1.150277, -0.399788
-5.400272, 6.691378, 2.996181, -1.749961, -1.150627, -0.399945
-5.402022, 6.690227, 2.995781, -1.749679, -1.150977, -0.400101
-5.403772, 6.689076, 2.995381, -1.749396, -1.151326, -0.400258
-5.405521, 6.687925, 2.994981, -1.749114, -1.151676, -0.400414
-5.407270, 6.686773, 2.994581, -1.748831, -1.152026, -0.400571
-5.409019, 6.685621, 2.994180, -1.748548, -1.152375, -0.400728
-5.410768, 6.684469, 2.993779, -1.748265, -1.152725, -0.400884
-5.412516, 6.683316, 2.993378, -1.747982, -1.153074, -0.401041
-5.414264, 6.682163, 2.992977, -1.747699, -1.153424, -0.401197
-5.416012, 6.681010, 2.992576, -1.747416, -1.153773, -0.401353
-5.417759, 6.679856, 2.992175, -1.747133, -1.154122, -0.401510
-5.419506, 6.678702, 2.991773, -1.746850, -1.154471, -0.401666
-5.421253, 6.677547, 2.991372, -1.746566, -1.154820, -0.401823
-5.423000, 6.676392, 2.990970, -1.746283, -1.155169, -0.401979
-5.424746, 6.675237, 2.990568, -1.745999, -1.155518, -0.402135
-5.426492, 6.674082, 2.990166, -1.745715, -1.155867, -0.402292
-5.428238, 6.672926, 2.989763, -1.745432, -1.156216, -0.402448
-5.429983, 6.671770, 2.989361, -1.745148, -1.156565, -0.402604
-5.431728, 6.670613, 2.988958, -1.744864, -1.156913, -0.402760
-5.433473, 6.669456, 2.988556, -1.744580, -1.157262, -0.402917
-5.435218, 6.668299, 2.988153, -1.744296, -1.157611, -0.403073
-5.436962, 6.667141, 2.987750, -1.744012, -1.157959, -0.403229
-5.438706, 6.665983, 2.987346, -1.743727, -1.158307, -0.403385
-5.440450, 6.664825, 2.986943, -1.743443, -1.158656, -0.403541
-5.442193, 6.663666, 2.986539, -1.743159, -1.159004, -0.403697
-5.443936, 6.662507, 2.986136, -1.742874, -1.159352, -0.403853
-5.445679, 6.661348, 2.985732, -1.742589, -1.159700, -0.404010
-5.447422, 6.660188, 2.985328, -1.742305, -1.160049, -0.404166
-5.449164, 6.659028, 2.984924, -1.742020, -1.160397, -0.404322
-5.450906, 6.657868, 2.984519, -1.741735, -1.160744, -0.404477
-5.452648, 6.656707, 2.984115, -1.741450, -1.161092, -0.404633
-5.454389, 6.655546, 2.983710, -1.741165, -1.161440, -0.404789
-5.456130, 6.654385, 2.983306, -1.740880, -1.161788, -0.404945
-5.457871, 6.653223, 2.982901, -1.740595, -1.162136, -0.405101
-5.459612, 6.652061, 2.982495, -1.740309, -1.162483, -0.405257
-5.461352, 6.650898, 2.982090, -1.740024, -1.162831, -0.405413
-5.463092, 6.649735, 2.981685, -1.739739, -1.163178, -0.405569
-5.464832, 6.648572, 2.981279, -1.739453, -1.163526, -0.405724
-5.466571, 6.647409, 2.980874, -1.739167, -1.163873, -0.405880
-5.468311, 6.646245, 2.980468, -1.738882, -1.164220, -0.406036
-5.470049, 6.645081, 2.980062, -1.738596, -1.164567, -0.406192
-5.471788, 6.643916, 2.979655, -1.738310, -1.164914, -0.406347
-5.473526, 6.642751, 2.979249, -1.738024, -1.165262, -0.406503
-5.475264, 6.641586, 2.978843, -1.737738, -1.165609, -0.406659
-5.477002, 6.640420, 2.978436, -1.737452, -1.165955, -0.406814
-5.478740, 6.639254, 2.978029, -1.737166, -1.166302, -0.406970
-5.480477, 6.638088, 2.977622, -1.736879, -1.166649, -0.407125
-5.482214, 6.636921, 2.977215, -1.736593, -1.166996, -0.407281
-5.483950, 6.635754, 2.976808, -1.736306, -1.167342, -0.407436
-5.485687, 6.634587, 2.976400, -1.736020, -1.167689, -0.407592
-5.487423, 6.633419, 2.975993, -1.735733, -1.168036, -0.407747
-5.489158, 6.632251, 2.975585, -1.735447, -1.168382, -0.407903
-5.490894, 6.631083, 2.975177, -1.735160, -1.168728, -0.408058
-5.492629, 6.629914, 2.974769, -1.734873, -1.169075, -0.408213
-5.494364, 6.628745, 2.974361, -1.734586, -1.169421, -0.408369
-5.496098, 6.627576, 2.973952, -1.734299, -1.169767, -0.408524
-5.497833, 6.626406, 2.973544, -1.734012, -1.170113, -0.408679
-5.499567, 6.625236, 2.973135, -1.733724, -1.170459, -0.408835
-5.501300, 6.624065, 2.972726, -1.733437, -1.170805, -0.408990
-5.503034, 6.622894, 2.972317, -1.733150, -1.171151, -0.409145
-5.504767, 6.621723, 2.971908, -1.732862, -1.171497, -0.409300
-5.506500, 6.620552, 2.971499, -1.732575, -1.171843, -0.409456
-5.508232, 6.619380, 2.971089, -1.732287, -1.172188, -0.409611
-5.509965, 6.618208, 2.970680, -1.731999, -1.172534, -0.409766
-5.511697, 6.617035, 2.970270, -1.731711, -1.172880, -0.409921
-5.513428, 6.615862, 2.969860, -1.731423, -1.173225, -0.410076
-5.515160, 6.614689, 2.969450, -1.731135, -1.173570, -0.410231
-5.516891, 6.613516, 2.969040, -1.730847, -1.173916, -0.410386
-5.518622, 6.612342, 2.968629, -1.730559, -1.174261, -0.410541
-5.520352, 6.611167, 2.968219, -1.730271, -1.174606, -0.410696
-5.522083, 6.609993, 2.967808, -1.729983, -1.174951, -0.410851
-5.523813, 6.608818, 2.967397, -1.729694, -1.175297, -0.411006
-5.525542, 6.607643, 2.966986, -1.729406, -1.175642, -0.411161
-5.527272, 6.606467, 2.966575, -1.729117, -1.175987, -0.411316
-5.529001, 6.605291, 2.966164, -1.728828, -1.176331, -0.411471
-5.530730, 6.604115, 2.965752, -1.728540, -1.176676, -0.411626
-5.532458, 6.602938, 2.965341, -1.728251, -1.177021, -0.411781
-5.534186, 6.601761, 2.964929, -1.727962, -1.177366, -0.411935
-5.535914, 6.600584, 2.964517, -1.727673, -1.177710, -0.412090
-5.537642, 6.599406, 2.964105, -1.727384, -1.178055, -0.412245
-5.539369, 6.598228, 2.963693, -1.727094, -1.178399, -0.412400
-5.541097, 6.597049, 2.963280, -1.726805, -1.178744, -0.412554
-5.542823, 6.595871, 2.962868, -1.726516, -1.179088, -0.412709
-5.544550, 6.594692, 2.962455, -1.726226, -1.179432, -0.412864
-5.546276, 6.593512, 2.962042, -1.725937, -1.179776, -0.413018
-5.548002, 6.592332, 2.961629, -1.725647, -1.180120, -0.413173
-5.549728, 6.591152, 2.961216, -1.725358, -1.180465, -0.413327
-5.551453, 6.589972, 2.960803, -1.725068, -1.180808, -0.413482
-5.553178, 6.588791, 2.960389, -1.724778, -1.181152, -0.413636
-5.554903, 6.587610, 2.959976, -1.724488, -1.181496, -0.413791
-5.556627, 6.586428, 2.959562, -1.724198, -1.181840, -0.413945
-5.558352, 6.585246, 2.959148, -1.723908, -1.182184, -0.414100
-5.560075, 6.584064, 2.958734, -1.723618, -1.182527, -0.414254
-5.561799, 6.582882, 2.958320, -1.723327, -1.182871, -0.414409
-5.563522, 6.581699, 2.957905, -1.723037, -1.183214, -0.414563
-5.565245, 6.580516, 2.957491, -1.722747, -1.183558, -0.414717
-5.566968, 6.579332, 2.957076, -1.722456, -1.183901, -0.414872
-5.568691, 6.578148, 2.956661, -1.722165, -1.184245, -0.415026
-5.570413, 6.576964, 2.956246, -1.721875, -1.184588, -0.415180
-5.572135, 6.575779, 2.955831, -1.721584, -1.184931, -0.415335
-5.573856, 6.574594, 2.955415, -1.721293, -1.185274, -0.415489
-5.575578, 6.573409, 2.955000, -1.721002, -1.185617, -0.415643
-5.577299, 6.572224, 2.954584, -1.720711, -1.185960, -0.415797
-5.579019, 6.571038, 2.954168, -1.720420, -1.186303, -0.415951
-5.580740, 6.569851, 2.953753, -1.720129, -1.186646, -0.416105
-5.582460, 6.568665, 2.953336, -1.719838, -1.186988, -0.416260
-5.584180, 6.567478, 2.952920, -1.719546, -1.187331, -0.416414
-5.585899, 6.566290, 2.952504, -1.719255, -1.187674, -0.416568
-5.587618, 6.565103, 2.952087, -1.718963, -1.188016, -0.416722
-5.589337, 6.563915, 2.951670, -1.718672, -1.188359, -0.416876
-5.591056, 6.562726, 2.951254, -1.718380, -1.188701, -0.417030
-5.592774, 6.561538, 2.950837, -1.718088, -1.189043, -0.417184
