Posicion                     Velocidad
-0.634905, 0.691055, 0.299600, -4.906825, -3.737245, -1.620241
-0.639812, 0.687318, 0.297980, -4.880402, -3.765629, -1.632547
-0.644692, 0.683552, 0.296347, -4.853784, -3.793852, -1.644783
-0.649546, 0.679758, 0.294702, -4.826971, -3.821912, -1.656948
-0.654373, 0.675936, 0.293045, -4.799964, -3.849809, -1.669042
-0.659173, 0.672086, 0.291376, -4.772766, -3.877541, -1.681065
-0.663946, 0.668209, 0.289695, -4.745376, -3.905106, -1.693016
-0.668691, 0.664304, 0.288002, -4.717796, -3.932505, -1.704894
-0.673409, 0.660371, 0.286297, -4.690028, -3.959736, -1.716700
-0.678099, 0.656411, 0.284581, -4.662073, -3.986797, -1.728432
-0.682761, 0.652425, 0.282852, -4.633931, -4.013688, -1.740090
-0.687395, 0.648411, 0.281112, -4.605605, -4.040407, -1.751674
-0.692001, 0.644371, 0.279360, -4.577096, -4.066954, -1.763183
-0.696578, 0.640304, 0.277597, -4.548405, -4.093327, -1.774617
-0.701126, 0.636210, 0.275823, -4.519533, -4.119526, -1.785975
-0.705646, 0.632091, 0.274037, -4.490482, -4.145549, -1.797257
-0.710136, 0.627945, 0.272239, -4.461252, -4.171396, -1.808463
-0.714597, 0.623774, 0.270431, -4.431846, -4.197064, -1.819591
-0.719029, 0.619577, 0.268611, -4.402265, -4.222554, -1.830642
-0.723432, 0.615354, 0.266781, -4.372509, -4.247864, -1.841615
-0.727804, 0.611106, 0.264939, -4.342581, -4.272994, -1.852510
-0.732147, 0.606833, 0.263087, -4.312482, -4.297942, -1.863326
-0.736459, 0.602535, 0.261223, -4.282212, -4.322707, -1.874062
-0.740741, 0.598213, 0.259349, -4.251774, -4.347288, -1.884719
-0.744993, 0.593865, 0.257464, -4.221169, -4.371685, -1.895296
-0.749214, 0.589494, 0.255569, -4.190398, -4.395896, -1.905793
-0.753405, 0.585098, 0.253663, -4.159463, -4.419920, -1.916208
-0.757564, 0.580678, 0.251747, -4.128364, -4.443757, -1.926543
-0.761693, 0.576234, 0.249821, -4.097104, -4.467406, -1.936795
-0.765790, 0.571767, 0.247884, -4.065684, -4.490866, -1.946966
-0.769855, 0.567276, 0.245937, -4.034105, -4.514135, -1.957054
-0.773889, 0.562762, 0.243980, -4.002369, -4.537213, -1.967059
-0.777892, 0.558225, 0.242013, -3.970477, -4.560099, -1.976981
-0.781862, 0.553664, 0.240036, -3.938430, -4.582793, -1.986820
-0.785801, 0.549082, 0.238049, -3.906230, -4.605292, -1.996574
-0.789707, 0.544476, 0.236052, -3.873879, -4.627597, -2.006244
-0.793581, 0.539849, 0.234046, -3.841378, -4.649707, -2.015830
-0.797422, 0.535199, 0.232030, -3.808728, -4.671620, -2.025330
-0.801231, 0.530527, 0.230005, -3.775931, -4.693337, -2.034745
-0.805007, 0.525834, 0.227970, -3.742988, -4.714855, -2.044074
-0.808750, 0.521119, 0.225926, -3.709900, -4.736175, -2.053317
-0.812460, 0.516383, 0.223873, -3.676670, -4.757295, -2.062474
-0.816136, 0.511626, 0.221810, -3.643299, -4.778215, -2.071543
-0.819780, 0.506848, 0.219739, -3.609788, -4.798934, -2.080526
-0.823390, 0.502049, 0.217658, -3.576138, -4.819452, -2.089421
-0.826966, 0.497229, 0.215569, -3.542352, -4.839766, -2.098228
-0.830508, 0.492389, 0.213471, -3.508431, -4.859878, -2.106947
-0.834016, 0.487530, 0.211364, -3.474375, -4.879785, -2.115578
-0.837491, 0.482650, 0.209248, -3.440188, -4.899487, -2.124120
-0.840931, 0.477750, 0.207124, -3.405869, -4.918984, -2.132572
-0.844337, 0.472831, 0.204991, -3.371421, -4.938275, -2.140936
-0.847708, 0.467893, 0.202850, -3.336846, -4.957359, -2.149209
-0.851045, 0.462936, 0.200701, -3.302144, -4.976236, -2.157393
-0.854347, 0.457959, 0.198544, -3.267318, -4.994904, -2.165487
-0.857615, 0.452964, 0.196378, -3.232369, -5.013363, -2.173489
-0.860847, 0.447951, 0.194205, -3.197297, -5.031612, -2.181401
-0.864044, 0.442920, 0.192023, -3.162106, -5.049652, -2.189222
-0.867206, 0.437870, 0.189834, -3.126797, -5.067480, -2.196951
-0.870333, 0.432802, 0.187637, -3.091370, -5.085097, -2.204589
-0.873425, 0.427717, 0.185433, -3.055828, -5.102502, -2.212135
-0.876480, 0.422615, 0.183221, -3.020172, -5.119695, -2.219589
-0.879501, 0.417495, 0.181001, -2.984404, -5.136674, -2.226950
-0.882485, 0.412358, 0.178774, -2.948525, -5.153439, -2.234218
-0.885433, 0.407205, 0.176540, -2.912537, -5.169990, -2.241393
-0.888346, 0.402035, 0.174298, -2.876441, -5.186325, -2.248476
-0.891222, 0.396849, 0.172050, -2.840239, -5.202445, -2.255464
-0.894063, 0.391646, 0.169794, -2.803933, -5.218349, -2.262359
-0.896867, 0.386428, 0.167532, -2.767524, -5.234037, -2.269160
-0.899634, 0.381194, 0.165263, -2.731014, -5.249507, -2.275867
-0.902365, 0.375944, 0.162987, -2.694404, -5.264759, -2.282480
-0.905060, 0.370680, 0.160705, -2.657696, -5.279794, -2.288998
-0.907717, 0.365400, 0.158416, -2.620891, -5.294609, -2.295421
-0.910338, 0.360105, 0.156120, -2.583992, -5.309206, -2.301749
-0.912922, 0.354796, 0.153818, -2.546999, -5.323583, -2.307982
-0.915469, 0.349472, 0.151510, -2.509914, -5.337739, -2.314120
-0.917979, 0.344135, 0.149196, -2.472739, -5.351676, -2.320162
-0.920452, 0.338783, 0.146876, -2.435476, -5.365391, -2.326108
-0.922887, 0.333418, 0.144550, -2.398125, -5.378885, -2.331958
-0.925285, 0.328039, 0.142218, -2.360689, -5.392157, -2.337712
-0.927646, 0.322647, 0.139880, -2.323170, -5.405206, -2.343369
-0.929969, 0.317241, 0.137537, -2.285568, -5.418034, -2.348930
-0.932255, 0.311823, 0.135188, -2.247886, -5.430638, -2.354395
-0.934503, 0.306393, 0.132834, -2.210125, -5.443018, -2.359762
-0.936713, 0.300950, 0.130474, -2.172287, -5.455175, -2.365033
-0.938885, 0.295494, 0.128109, -2.134372, -5.467108, -2.370206
-0.941019, 0.290027, 0.125739, -2.096384, -5.478816, -2.375282
-0.943116, 0.284549, 0.123363, -2.058323, -5.490299, -2.380261
-0.945174, 0.279058, 0.120983, -2.020192, -5.501557, -2.385141
-0.947194, 0.273557, 0.118598, -1.981991, -5.512590, -2.389925
-0.949176, 0.268044, 0.116208, -1.943723, -5.523397, -2.394610
-0.951120, 0.262521, 0.113813, -1.905388, -5.533978, -2.399197
-0.953025, 0.256987, 0.111414, -1.866989, -5.544332, -2.403686
-0.954892, 0.251442, 0.109011, -1.828528, -5.554460, -2.408077
-0.956721, 0.245888, 0.106603, -1.790005, -5.564361, -2.412369
-0.958511, 0.240324, 0.104190, -1.751422, -5.574034, -2.416563
-0.960262, 0.234750, 0.101774, -1.712782, -5.583480, -2.420658
-0.961975, 0.229166, 0.099353, -1.674086, -5.592699, -2.424655
-0.963649, 0.223573, 0.096928, -1.635334, -5.601689, -2.428553
-0.965285, 0.217972, 0.094500, -1.596530, -5.610452, -2.432352
-0.966881, 0.212361, 0.092067, -1.557674, -5.618986, -2.436052
-0.968439, 0.206742, 0.089631, -1.518769, -5.627292, -2.439652
-0.969958, 0.201115, 0.087192, -1.479815, -5.635368, -2.443154
-0.971437, 0.195480, 0.084749, -1.440815, -5.643216, -2.446556
-0.972878, 0.189836, 0.082302, -1.401770, -5.650835, -2.449859
-0.974280, 0.184185, 0.079852, -1.362681, -5.658225, -2.453063
-0.975643, 0.178527, 0.077399, -1.323551, -5.665385, -2.456167
-0.976966, 0.172862, 0.074943, -1.284381, -5.672316, -2.459172
-0.978251, 0.167190, 0.072484, -1.245172, -5.679017, -2.462077
-0.979496, 0.161511, 0.070022, -1.205926, -5.685488, -2.464883
-0.980702, 0.155825, 0.067557, -1.166645, -5.691729, -2.467589
-0.981868, 0.150133, 0.065089, -1.127331, -5.697741, -2.470195
-0.982996, 0.144436, 0.062619, -1.087985, -5.703522, -2.472701
-0.984084, 0.138732, 0.060146, -1.048608, -5.709073, -2.475108
-0.985132, 0.133023, 0.057671, -1.009203, -5.714394, -2.477415
-0.986141, 0.127309, 0.055194, -0.969770, -5.719485, -2.479622
-0.987111, 0.121589, 0.052714, -0.930312, -5.724345, -2.481729
-0.988042, 0.115865, 0.050232, -0.890830, -5.728975, -2.483736
-0.988932, 0.110136, 0.047749, -0.851325, -5.733375, -2.485644
-0.989784, 0.104402, 0.045263, -0.811800, -5.737544, -2.487451
-0.990596, 0.098665, 0.042776, -0.772256, -5.741482, -2.489159
-0.991368, 0.092923, 0.040286, -0.732695, -5.745191, -2.490767
-0.992100, 0.087178, 0.037796, -0.693117, -5.748668, -2.492274
-0.992794, 0.081430, 0.035303, -0.653526, -5.751916, -2.493682
-0.993447, 0.075678, 0.032810, -0.613922, -5.754933, -2.494990
-0.994061, 0.069923, 0.030315, -0.574306, -5.757719, -2.496198
-0.994635, 0.064165, 0.027818, -0.534681, -5.760275, -2.497307
-0.995170, 0.058405, 0.025321, -0.495049, -5.762601, -2.498315
-0.995665, 0.052642, 0.022823, -0.455410, -5.764697, -2.499224
-0.996120, 0.046877, 0.020324, -0.415767, -5.766563, -2.500032
-0.996536, 0.041111, 0.017824, -0.376120, -5.768198, -2.500741
-0.996912, 0.035343, 0.015323, -0.336472, -5.769604, -2.501351
-0.997249, 0.029573, 0.012821, -0.296824, -5.770780, -2.501861
-0.997546, 0.023802, 0.010320, -0.257178, -5.771726, -2.502271
-0.997803, 0.018031, 0.007817, -0.217535, -5.772442, -2.502581
-0.998020, 0.012258, 0.005315, -0.177897, -5.772929, -2.502792
-0.998198, 0.006485, 0.002812, -0.138265, -5.773186, -2.502904
-0.998337, 0.000712, 0.000309, -0.098642, -5.773215, -2.502916
-0.998435, -0.005061, -0.002194, -0.059028, -5.773014, -2.502829
-0.998494, -0.010834, -0.004697, -0.019425, -5.772584, -2.502643
-0.998514, -0.016607, -0.007199, 0.020165, -5.771926, -2.502358
-0.998493, -0.022379, -0.009702, 0.059741, -5.771039, -2.501973
-0.998434, -0.028150, -0.012204, 0.099301, -5.769923, -2.501490
-0.998334, -0.033920, -0.014705, 0.138843, -5.768580, -2.500907
-0.998196, -0.039688, -0.017206, 0.178367, -5.767008, -2.500226
-0.998017, -0.045455, -0.019706, 0.217869, -5.765209, -2.499446
-0.997799, -0.051221, -0.022206, 0.257350, -5.763182, -2.498567
-0.997542, -0.056984, -0.024704, 0.296807, -5.760928, -2.497590
-0.997245, -0.062745, -0.027202, 0.336239, -5.758447, -2.496514
-0.996909, -0.068503, -0.029698, 0.375644, -5.755740, -2.495341
-0.996533, -0.074259, -0.032194, 0.415021, -5.752805, -2.494068
-0.996118, -0.080012, -0.034688, 0.454368, -5.749645, -2.492698
-0.995664, -0.085761, -0.037180, 0.493684, -5.746259, -2.491230
-0.995170, -0.091508, -0.039672, 0.532967, -5.742646, -2.489664
-0.994637, -0.097250, -0.042161, 0.572215, -5.738809, -2.488000
-0.994065, -0.102989, -0.044649, 0.611428, -5.734746, -2.486239
-0.993454, -0.108724, -0.047136, 0.650603, -5.730459, -2.484380
-0.992803, -0.114454, -0.049620, 0.689739, -5.725947, -2.482424
-0.992113, -0.120180, -0.052102, 0.728834, -5.721211, -2.480371
-0.991384, -0.125901, -0.054583, 0.767888, -5.716252, -2.478221
-0.990617, -0.131618, -0.057061, 0.806898, -5.711069, -2.475974
-0.989810, -0.137329, -0.059537, 0.845863, -5.705663, -2.473630
-0.988964, -0.143034, -0.062011, 0.884781, -5.700034, -2.471190
-0.988079, -0.148734, -0.064482, 0.923652, -5.694183, -2.468653
-0.987155, -0.154429, -0.066950, 0.962473, -5.688110, -2.466020
-0.986193, -0.160117, -0.069416, 1.001243, -5.681815, -2.463292
-0.985192, -0.165798, -0.071880, 1.039960, -5.675299, -2.460467
-0.984152, -0.171474, -0.074340, 1.078624, -5.668563, -2.457546
-0.983073, -0.177142, -0.076798, 1.117232, -5.661606, -2.454530
-0.981956, -0.182804, -0.079252, 1.155783, -5.654429, -2.451419
-0.980800, -0.188458, -0.081704, 1.194276, -5.647033, -2.448212
-0.979606, -0.194105, -0.084152, 1.232709, -5.639417, -2.444910
-0.978373, -0.199745, -0.086597, 1.271081, -5.631583, -2.441514
-0.977102, -0.205376, -0.089038, 1.309390, -5.623531, -2.438023
-0.975793, -0.211000, -0.091476, 1.347635, -5.615261, -2.434438
-0.974445, -0.216615, -0.093911, 1.385815, -5.606774, -2.430758
-0.973059, -0.222222, -0.096342, 1.423927, -5.598070, -2.426985
-0.971635, -0.227820, -0.098769, 1.461971, -5.589150, -2.423118
-0.970173, -0.233409, -0.101192, 1.499945, -5.580014, -2.419157
-0.968673, -0.238989, -0.103611, 1.537848, -5.570663, -2.415103
-0.967135, -0.244560, -0.106026, 1.575677, -5.561097, -2.410956
-0.965560, -0.250121, -0.108437, 1.613433, -5.551316, -2.406715
-0.963946, -0.255672, -0.110844, 1.651113, -5.541322, -2.402383
-0.962295, -0.261214, -0.113246, 1.688716, -5.531115, -2.397957
-0.960607, -0.266745, -0.115644, 1.726241, -5.520695, -2.393440
-0.958880, -0.272265, -0.118037, 1.763685, -5.510063, -2.388831
-0.957117, -0.277775, -0.120426, 1.801049, -5.499219, -2.384129
-0.955316, -0.283275, -0.122810, 1.838330, -5.488165, -2.379337
-0.953477, -0.288763, -0.125190, 1.875527, -5.476899, -2.374453
-0.951602, -0.294240, -0.127564, 1.912639, -5.465424, -2.369478
-0.949689, -0.299705, -0.129934, 1.949664, -5.453740, -2.364412
-0.947739, -0.305159, -0.132298, 1.986601, -5.441847, -2.359256
-0.945753, -0.310601, -0.134657, 2.023448, -5.429745, -2.354010
-0.943729, -0.316031, -0.137011, 2.060205, -5.417436, -2.348673
-0.941669, -0.321448, -0.139360, 2.096869, -5.404921, -2.343247
-0.939572, -0.326853, -0.141703, 2.133440, -5.392199, -2.337732
-0.937439, -0.332245, -0.144041, 2.169916, -5.379271, -2.332127
-0.935269, -0.337624, -0.146373, 2.206296, -5.366138, -2.326434
-0.933063, -0.342990, -0.148700, 2.242579, -5.352801, -2.320651
-0.930820, -0.348343, -0.151020, 2.278762, -5.339260, -2.314781
-0.928541, -0.353683, -0.153335, 2.314846, -5.325515, -2.308822
-0.926226, -0.359008, -0.155644, 2.350828, -5.311569, -2.302776
-0.923876, -0.364320, -0.157947, 2.386707, -5.297420, -2.296642
-0.921489, -0.369617, -0.160243, 2.422482, -5.283070, -2.290421
-0.919066, -0.374900, -0.162534, 2.458151, -5.268520, -2.284113
-0.916608, -0.380169, -0.164818, 2.493714, -5.253770, -2.277718
-0.914115, -0.385422, -0.167095, 2.529169, -5.238821, -2.271237
-0.911585, -0.390661, -0.169367, 2.564515, -5.223674, -2.264670
-0.909021, -0.395885, -0.171631, 2.599750, -5.208329, -2.258017
-0.906421, -0.401093, -0.173889, 2.634874, -5.192787, -2.251279
-0.903786, -0.406286, -0.176141, 2.669884, -5.177048, -2.244456
-0.901116, -0.411463, -0.178385, 2.704780, -5.161114, -2.237548
-0.898412, -0.416624, -0.180623, 2.739560, -5.144985, -2.230555
-0.895672, -0.421769, -0.182853, 2.774224, -5.128662, -2.223479
-0.892898, -0.426898, -0.185077, 2.808770, -5.112146, -2.216318
-0.890089, -0.432010, -0.187293, 2.843196, -5.095437, -2.209074
-0.887246, -0.437105, -0.189502, 2.877501, -5.078536, -2.201747
-0.884368, -0.442184, -0.191704, 2.911685, -5.061444, -2.194337
-0.881457, -0.447245, -0.193898, 2.945746, -5.044162, -2.186844
-0.878511, -0.452290, -0.196085, 2.979683, -5.026690, -2.179270
-0.875531, -0.457316, -0.198264, 3.013494, -5.009029, -2.171613
-0.872518, -0.462325, -0.200436, 3.047179, -4.991180, -2.163875
-0.869471, -0.467316, -0.202600, 3.080736, -4.973144, -2.156056
-0.866390, -0.472290, -0.204756, 3.114164, -4.954922, -2.148156
-0.863276, -0.477245, -0.206904, 3.147462, -4.936514, -2.140175
-0.860128, -0.482181, -0.209044, 3.180629, -4.917921, -2.132114
-0.856948, -0.487099, -0.211176, 3.213663, -4.899144, -2.123974
-0.853734, -0.491998, -0.213300, 3.246563, -4.880184, -2.115754
-0.850487, -0.496878, -0.215416, 3.279329, -4.861041, -2.107455
-0.847208, -0.501739, -0.217523, 3.311958, -4.841717, -2.099077
-0.843896, -0.506581, -0.219623, 3.344451, -4.822213, -2.090621
-0.840552, -0.511403, -0.221713, 3.376805, -4.802528, -2.082087
-0.837175, -0.516206, -0.223795, 3.409020, -4.782664, -2.073475
-0.833766, -0.520988, -0.225869, 3.441094, -4.762622, -2.064786
-0.830325, -0.525751, -0.227933, 3.473027, -4.742403, -2.056020
-0.826852, -0.530493, -0.229990, 3.504816, -4.722007, -2.047178
-0.823347, -0.535215, -0.232037, 3.536463, -4.701435, -2.038259
-0.819810, -0.539917, -0.234075, 3.567964, -4.680689, -2.029265
-0.816242, -0.544598, -0.236104, 3.599319, -4.659769, -2.020195
-0.812643, -0.549257, -0.238124, 3.630527, -4.638676, -2.011051
-0.809013, -0.553896, -0.240135, 3.661586, -4.617411, -2.001831
-0.805351, -0.558513, -0.242137, 3.692497, -4.595974, -1.992538
-0.801658, -0.563109, -0.244130, 3.723257, -4.574367, -1.983170
-0.797935, -0.567684, -0.246113, 3.753865, -4.552591, -1.973730
-0.794181, -0.572236, -0.248087, 3.784321, -4.530646, -1.964216
-0.790397, -0.576767, -0.250051, 3.814624, -4.508534, -1.954629
-0.786582, -0.581276, -0.252006, 3.844772, -4.486255, -1.944970
-0.782738, -0.585762, -0.253951, 3.874765, -4.463810, -1.935240
-0.778863, -0.590226, -0.255886, 3.904600, -4.441200, -1.925437
-0.774958, -0.594667, -0.257811, 3.934279, -4.418427, -1.915564
-0.771024, -0.599085, -0.259727, 3.963798, -4.395490, -1.905620
-0.767060, -0.603481, -0.261632, 3.993158, -4.372391, -1.895606
-0.763067, -0.607853, -0.263528, 4.022357, -4.349132, -1.885522
-0.759045, -0.612202, -0.265414, 4.051394, -4.325712, -1.875368
-0.754993, -0.616528, -0.267289, 4.080269, -4.302133, -1.865146
-0.750913, -0.620830, -0.269154, 4.108980, -4.278395, -1.854855
-0.746804, -0.625109, -0.271009, 4.137527, -4.254500, -1.844496
-0.742666, -0.629363, -0.272853, 4.165908, -4.230449, -1.834069
-0.738501, -0.633593, -0.274687, 4.194122, -4.206243, -1.823574
-0.734306, -0.637800, -0.276511, 4.222169, -4.181882, -1.813013
-0.730084, -0.641982, -0.278324, 4.250047, -4.157368, -1.802385
-0.725834, -0.646139, -0.280126, 4.277756, -4.132701, -1.791691
-0.721556, -0.650272, -0.281918, 4.305295, -4.107883, -1.780931
-0.717251, -0.654380, -0.283699, 4.332662, -4.082915, -1.770107
-0.712919, -0.658462, -0.285469, 4.359858, -4.057797, -1.759217
-0.708559, -0.662520, -0.287228, 4.386880, -4.032531, -1.748263
-0.704172, -0.666553, -0.288977, 4.413728, -4.007117, -1.737245
-0.699758, -0.670560, -0.290714, 4.440401, -3.981557, -1.726164
-0.695318, -0.674541, -0.292440, 4.466899, -3.955851, -1.715019
-0.690851, -0.678497, -0.294155, 4.493219, -3.930001, -1.703812
-0.686358, -0.682427, -0.295859, 4.519362, -3.904007, -1.692543
-0.681838, -0.686331, -0.297551, 4.545327, -3.877872, -1.681212
-0.677293, -0.690209, -0.299233, 4.571113, -3.851594, -1.669820
-0.672722, -0.694061, -0.300902, 4.596718, -3.825177, -1.658367
-0.668125, -0.697886, -0.302561, 4.622142, -3.798620, -1.646854
-0.663503, -0.701685, -0.304208, 4.647384, -3.771925, -1.635280
-0.658856, -0.705457, -0.305843, 4.672444, -3.745093, -1.623648
-0.654183, -0.709202, -0.307467, 4.697320, -3.718125, -1.611956
-0.649486, -0.712920, -0.309079, 4.722012, -3.691021, -1.600205
-0.644764, -0.716611, -0.310679, 4.746519, -3.663784, -1.588397
-0.640017, -0.720275, -0.312267, 4.770839, -3.636414, -1.576531
-0.635246, -0.723911, -0.313844, 4.794973, -3.608911, -1.564608
-0.630451, -0.727520, -0.315408, 4.818919, -3.581278, -1.552627
-0.625632, -0.731101, -0.316961, 4.842677, -3.553515, -1.540591
-0.620790, -0.734655, -0.318502, 4.866246, -3.525623, -1.528499
-0.615924, -0.738180, -0.320030, 4.889625, -3.497604, -1.516351
-0.611034, -0.741678, -0.321546, 4.912813, -3.469458, -1.504149
-0.606121, -0.745147, -0.323051, 4.935810, -3.441187, -1.491892
-0.601185, -0.748589, -0.324542, 4.958614, -3.412791, -1.479582
-0.596227, -0.752001, -0.326022, 4.981225, -3.384272, -1.467218
-0.591245, -0.755386, -0.327489, 5.003643, -3.355630, -1.454800
-0.586242, -0.758741, -0.328944, 5.025867, -3.326868, -1.442331
-0.581216, -0.762068, -0.330386, 5.047895, -3.297985, -1.429809
-0.576168, -0.765366, -0.331816, 5.069727, -3.268984, -1.417236
-0.571098, -0.768635, -0.333233, 5.091363, -3.239865, -1.404611
-0.566007, -0.771875, -0.334638, 5.112801, -3.210629, -1.391936
-0.560894, -0.775086, -0.336030, 5.134042, -3.181277, -1.379211
-0.555760, -0.778267, -0.337409, 5.155084, -3.151811, -1.366437
-0.550605, -0.781419, -0.338776, 5.175926, -3.122231, -1.353613
-0.545429, -0.784541, -0.340129, 5.196568, -3.092539, -1.340740
-0.540233, -0.787633, -0.341470, 5.217010, -3.062736, -1.327819
-0.535016, -0.790696, -0.342798, 5.237250, -3.032823, -1.314851
-0.529778, -0.793729, -0.344113, 5.257289, -3.002801, -1.301835
-0.524521, -0.796732, -0.345414, 5.277124, -2.972672, -1.288773
-0.519244, -0.799704, -0.346703, 5.296757, -2.942435, -1.275664
-0.513947, -0.802647, -0.347979, 5.316185, -2.912093, -1.262510
-0.508631, -0.805559, -0.349241, 5.335409, -2.881647, -1.249310
-0.503296, -0.808441, -0.350491, 5.354428, -2.851097, -1.236066
-0.497941, -0.811292, -0.351727, 5.373240, -2.820446, -1.222777
-0.492568, -0.814112, -0.352950, 5.391847, -2.789693, -1.209444
-0.487176, -0.816902, -0.354159, 5.410246, -2.758841, -1.196069
-0.481766, -0.819661, -0.355355, 5.428438, -2.727890, -1.182650
-0.476337, -0.822389, -0.356538, 5.446422, -2.696841, -1.169189
-0.470891, -0.825085, -0.357707, 5.464197, -2.665696, -1.155687
-0.465427, -0.827751, -0.358863, 5.481763, -2.634456, -1.142143
-0.459945, -0.830386, -0.360005, 5.499119, -2.603122, -1.128558
-0.454446, -0.832989, -0.361133, 5.516264, -2.571694, -1.114933
-0.448930, -0.835560, -0.362248, 5.533198, -2.540176, -1.101269
-0.443396, -0.838101, -0.363349, 5.549921, -2.508566, -1.087565
-0.437846, -0.840609, -0.364437, 5.566432, -2.476867, -1.073822
-0.432280, -0.843086, -0.365511, 5.582731, -2.445080, -1.060041
-0.426697, -0.845531, -0.366571, 5.598816, -2.413206, -1.046222
-0.421098, -0.847944, -0.367617, 5.614688, -2.381246, -1.032367
-0.415484, -0.850326, -0.368650, 5.630345, -2.349201, -1.018474
-0.409853, -0.852675, -0.369668, 5.645788, -2.317073, -1.004545
-0.404208, -0.854992, -0.370673, 5.661016, -2.284863, -0.990580
-0.398547, -0.857277, -0.371663, 5.676029, -2.252571, -0.976581
-0.392871, -0.859529, -0.372640, 5.690825, -2.220199, -0.962546
-0.387180, -0.861749, -0.373602, 5.705405, -2.187748, -0.948478
-0.381474, -0.863937, -0.374551, 5.719768, -2.155220, -0.934375
-0.375755, -0.866092, -0.375485, 5.733913, -2.122616, -0.920240
-0.370021, -0.868215, -0.376405, 5.747841, -2.089936, -0.906072
-0.364273, -0.870305, -0.377311, 5.761550, -2.057182, -0.891872
-0.358511, -0.872362, -0.378203, 5.775041, -2.024355, -0.877640
-0.352736, -0.874386, -0.379081, 5.788313, -1.991457, -0.863377
-0.346948, -0.876378, -0.379944, 5.801365, -1.958488, -0.849084
-0.341147, -0.878336, -0.380793, 5.814197, -1.925450, -0.834761
-0.335332, -0.880262, -0.381628, 5.826808, -1.892343, -0.820408
-0.329506, -0.882154, -0.382449, 5.839199, -1.859170, -0.806026
-0.323666, -0.884013, -0.383255, 5.851369, -1.825931, -0.791616
-0.317815, -0.885839, -0.384046, 5.863317, -1.792628, -0.777178
-0.311952, -0.887632, -0.384823, 5.875044, -1.759262, -0.762712
-0.306077, -0.889391, -0.385586, 5.886548, -1.725833, -0.748219
-0.300190, -0.891117, -0.386334, 5.897830, -1.692344, -0.733700
-0.294292, -0.892809, -0.387068, 5.908888, -1.658795, -0.719156
-0.288383, -0.894468, -0.387787, 5.919723, -1.625187, -0.704585
-0.282464, -0.896093, -0.388492, 5.930335, -1.591523, -0.689990
-0.276533, -0.897685, -0.389182, 5.940723, -1.557802, -0.675371
-0.270593, -0.899243, -0.389857, 5.950886, -1.524027, -0.660728
-0.264642, -0.900767, -0.390518, 5.960825, -1.490198, -0.646062
-0.258681, -0.902257, -0.391164, 5.970539, -1.456317, -0.631373
-0.252710, -0.903713, -0.391795, 5.980027, -1.422384, -0.616662
-0.246730, -0.905136, -0.392412, 5.989291, -1.388402, -0.601930
-0.240741, -0.906524, -0.393014, 5.998328, -1.354371, -0.587176
-0.234743, -0.907878, -0.393601, 6.007140, -1.320293, -0.572402
-0.228736, -0.909199, -0.394173, 6.015725, -1.286168, -0.557607
-0.222720, -0.910485, -0.394731, 6.024083, -1.251998, -0.542793
-0.216696, -0.911737, -0.395274, 6.032215, -1.217785, -0.527960
-0.210664, -0.912955, -0.395802, 6.040119, -1.183529, -0.513109
-0.204623, -0.914138, -0.396315, 6.047796, -1.149232, -0.498240
-0.198576, -0.915287, -0.396813, 6.055246, -1.114894, -0.483353
-0.192520, -0.916402, -0.397296, 6.062468, -1.080518, -0.468450
-0.186458, -0.917483, -0.397765, 6.069462, -1.046104, -0.453530
-0.180388, -0.918529, -0.398218, 6.076227, -1.011653, -0.438594
-0.174312, -0.919541, -0.398657, 6.082765, -0.977168, -0.423643
-0.168229, -0.920518, -0.399081, 6.089073, -0.942648, -0.408678
-0.162140, -0.921460, -0.399489, 6.095153, -0.908096, -0.393698
-0.156045, -0.922368, -0.399883, 6.101004, -0.873512, -0.378705
-0.149944, -0.923242, -0.400262, 6.106626, -0.838898, -0.363698
-0.143838, -0.924081, -0.400625, 6.112018, -0.804255, -0.348679
-0.137726, -0.924885, -0.400974, 6.117181, -0.769584, -0.333648
-0.131608, -0.925655, -0.401308, 6.122114, -0.734887, -0.318605
-0.125486, -0.926390, -0.401626, 6.126818, -0.700164, -0.303551
-0.119359, -0.927090, -0.401930, 6.131291, -0.665418, -0.288487
-0.113228, -0.927755, -0.402218, 6.135535, -0.630648, -0.273413
-0.107093, -0.928386, -0.402492, 6.139548, -0.595857, -0.258330
-0.100953, -0.928982, -0.402750, 6.143331, -0.561045, -0.243238
-0.094810, -0.929543, -0.402993, 6.146884, -0.526214, -0.228137
-0.088663, -0.930069, -0.403222, 6.150206, -0.491366, -0.213029
-0.082513, -0.930560, -0.403435, 6.153297, -0.456500, -0.197913
-0.076359, -0.931017, -0.403633, 6.156158, -0.421620, -0.182791
-0.070203, -0.931438, -0.403815, 6.158788, -0.386725, -0.167663
-0.064044, -0.931825, -0.403983, 6.161187, -0.351817, -0.152529
-0.057883, -0.932177, -0.404136, 6.163356, -0.316897, -0.137390
-0.051720, -0.932494, -0.404273, 6.165293, -0.281967, -0.122246
-0.045555, -0.932776, -0.404395, 6.166999, -0.247028, -0.107099
-0.039388, -0.933023, -0.404502, 6.168475, -0.212081, -0.091948
-0.033219, -0.933235, -0.404594, 6.169719, -0.177127, -0.076794
-0.027049, -0.933412, -0.404671, 6.170732, -0.142167, -0.061638
-0.020879, -0.933554, -0.404733, 6.171514, -0.107204, -0.046480
-0.014707, -0.933661, -0.404779, 6.172065, -0.072237, -0.031320
-0.008535, -0.933734, -0.404810, 6.172384, -0.037268, -0.016160
-0.002363, -0.933771, -0.404827, 6.172473, -0.002299, -0.000999
0.003810, -0.933773, -0.404828, 6.172330, 0.032669, 0.014161
0.009982, -0.933741, -0.404813, 6.171956, 0.067636, 0.029320
0.016154, -0.933673, -0.404784, 6.171351, 0.102599, 0.044478
0.022325, -0.933570, -0.404740, 6.170515, 0.137558, 0.059634
0.028496, -0.933433, -0.404680, 6.169448, 0.172511, 0.074788
0.034665, -0.933260, -0.404605, 6.168150, 0.207457, 0.089938
0.040834, -0.933053, -0.404515, 6.166621, 0.242396, 0.105086
0.047000, -0.932810, -0.404410, 6.164861, 0.277325, 0.120229
0.053165, -0.932533, -0.404290, 6.162871, 0.312243, 0.135367
0.059328, -0.932221, -0.404155, 6.160649, 0.347149, 0.150500
0.065489, -0.931874, -0.404004, 6.158197, 0.382042, 0.165628
0.071647, -0.931492, -0.403838, 6.155514, 0.416921, 0.180749
0.077802, -0.931075, -0.403658, 6.152601, 0.451785, 0.195864
0.083955, -0.930623, -0.403462, 6.149457, 0.486632, 0.210971
0.090104, -0.930136, -0.403251, 6.146083, 0.521460, 0.226071
0.096250, -0.929615, -0.403025, 6.142479, 0.556270, 0.241162
0.102393, -0.929059, -0.402784, 6.138645, 0.591059, 0.256245
0.108531, -0.928468, -0.402527, 6.134581, 0.625826, 0.271318
0.114666, -0.927842, -0.402256, 6.130287, 0.660570, 0.286381
0.120796, -0.927181, -0.401970, 6.125764, 0.695290, 0.301433
0.126922, -0.926486, -0.401668, 6.121011, 0.729985, 0.316475
0.133043, -0.925756, -0.401352, 6.116029, 0.764652, 0.331504
0.139159, -0.924991, -0.401020, 6.110817, 0.799293, 0.346522
0.145270, -0.924192, -0.400674, 6.105377, 0.833903, 0.361528
0.151375, -0.923358, -0.400312, 6.099708, 0.868484, 0.376520
0.157475, -0.922490, -0.399936, 6.093810, 0.903033, 0.391498
0.163569, -0.921587, -0.399544, 6.087684, 0.937549, 0.406462
0.169657, -0.920649, -0.399138, 6.081329, 0.972032, 0.421412
0.175738, -0.919677, -0.398716, 6.074747, 1.006479, 0.436346
0.181813, -0.918670, -0.398280, 6.067937, 1.040889, 0.451264
0.187881, -0.917630, -0.397829, 6.060899, 1.075262, 0.466166
0.193941, -0.916554, -0.397363, 6.053634, 1.109596, 0.481051
0.199995, -0.915445, -0.396882, 6.046142, 1.143890, 0.495919
0.206041, -0.914301, -0.396386, 6.038423, 1.178142, 0.510769
0.212080, -0.913123, -0.395875, 6.030478, 1.212352, 0.525600
0.218110, -0.911910, -0.395349, 6.022306, 1.246518, 0.540412
0.224132, -0.910664, -0.394809, 6.013908, 1.280639, 0.555205
0.230146, -0.909383, -0.394254, 6.005285, 1.314714, 0.569978
0.236152, -0.908068, -0.393684, 5.996435, 1.348741, 0.584730
0.242148, -0.906720, -0.393099, 5.987361, 1.382720, 0.599461
0.248135, -0.905337, -0.392499, 5.978062, 1.416648, 0.614171
0.254114, -0.903920, -0.391885, 5.968538, 1.450526, 0.628858
0.260082, -0.902470, -0.391256, 5.958790, 1.484352, 0.643523
0.266041, -0.900985, -0.390613, 5.948818, 1.518124, 0.658164
0.271990, -0.899467, -0.389955, 5.938622, 1.551841, 0.672782
0.277928, -0.897916, -0.389282, 5.928203, 1.585502, 0.687375
0.283856, -0.896330, -0.388595, 5.917561, 1.619106, 0.701944
0.289774, -0.894711, -0.387893, 5.906696, 1.652652, 0.716488
0.295681, -0.893058, -0.387176, 5.895609, 1.686139, 0.731005
0.301576, -0.891372, -0.386445, 5.884300, 1.719564, 0.745497
0.307461, -0.889653, -0.385700, 5.872770, 1.752928, 0.759961
0.313333, -0.887900, -0.384940, 5.861018, 1.786229, 0.774398
0.319194, -0.886113, -0.384165, 5.849046, 1.819465, 0.788808
0.325043, -0.884294, -0.383376, 5.836853, 1.852636, 0.803188
0.330880, -0.882441, -0.382573, 5.824441, 1.885740, 0.817540
0.336705, -0.880556, -0.381756, 5.811808, 1.918777, 0.831863
0.342517, -0.878637, -0.380924, 5.798957, 1.951744, 0.846156
0.348316, -0.876685, -0.380078, 5.785886, 1.984641, 0.860418
0.354101, -0.874700, -0.379217, 5.772598, 2.017466, 0.874649
0.359874, -0.872683, -0.378343, 5.759091, 2.050219, 0.888849
0.365633, -0.870633, -0.377454, 5.745367, 2.082898, 0.903016
0.371378, -0.868550, -0.376551, 5.731426, 2.115502, 0.917151
0.377110, -0.866434, -0.375634, 5.717269, 2.148030, 0.931254
0.382827, -0.864286, -0.374702, 5.702895, 2.180481, 0.945322
0.388530, -0.862106, -0.373757, 5.688306, 2.212853, 0.959357
0.394218, -0.859893, -0.372798, 5.673501, 2.245146, 0.973357
0.399892, -0.857648, -0.371824, 5.658482, 2.277357, 0.987322
0.405550, -0.855370, -0.370837, 5.643249, 2.309487, 1.001251
0.411194, -0.853061, -0.369836, 5.627802, 2.341533, 1.015145
0.416821, -0.850719, -0.368821, 5.612141, 2.373495, 1.029002
0.422434, -0.848346, -0.367792, 5.596268, 2.405372, 1.042821
0.428030, -0.845941, -0.366749, 5.580183, 2.437162, 1.056604
0.433610, -0.843503, -0.365692, 5.563887, 2.468864, 1.070348
0.439174, -0.841035, -0.364622, 5.547379, 2.500477, 1.084053
0.444721, -0.838534, -0.363538, 5.530660, 2.532000, 1.097720
0.450252, -0.836002, -0.362440, 5.513732, 2.563432, 1.111347
0.455766, -0.833439, -0.361329, 5.496594, 2.594771, 1.124933
0.461262, -0.830844, -0.360204, 5.479247, 2.626017, 1.138480
0.466742, -0.828218, -0.359065, 5.461692, 2.657168, 1.151985
0.472203, -0.825561, -0.357913, 5.443929, 2.688223, 1.165449
0.477647, -0.822872, -0.356748, 5.425959, 2.719182, 1.178870
0.483073, -0.820153, -0.355569, 5.407782, 2.750042, 1.192249
0.488481, -0.817403, -0.354377, 5.389399, 2.780803, 1.205585
0.493870, -0.814622, -0.353171, 5.370811, 2.811463, 1.218878
0.499241, -0.811811, -0.351952, 5.352018, 2.842022, 1.232127
0.504593, -0.808969, -0.350720, 5.333021, 2.872478, 1.245331
0.509926, -0.806096, -0.349475, 5.313821, 2.902831, 1.258490
0.515240, -0.803194, -0.348216, 5.294417, 2.933079, 1.271603
0.520534, -0.800261, -0.346945, 5.274811, 2.963221, 1.284671
0.525809, -0.797297, -0.345660, 5.255004, 2.993255, 1.297692
0.531064, -0.794304, -0.344362, 5.234995, 3.023182, 1.310666
0.536299, -0.791281, -0.343052, 5.214786, 3.052999, 1.323593
0.541514, -0.788228, -0.341728, 5.194378, 3.082705, 1.336472
0.546708, -0.785145, -0.340392, 5.173770, 3.112300, 1.349303
0.551882, -0.782033, -0.339042, 5.152964, 3.141783, 1.362085
0.557035, -0.778891, -0.337680, 5.131961, 3.171152, 1.374817
0.562167, -0.775720, -0.336305, 5.110760, 3.200406, 1.387500
0.567278, -0.772520, -0.334918, 5.089364, 3.229544, 1.400133
0.572367, -0.769290, -0.333518, 5.067771, 3.258565, 1.412714
0.577435, -0.766031, -0.332105, 5.045984, 3.287468, 1.425245
0.582481, -0.762744, -0.330680, 5.024003, 3.316252, 1.437724
0.587505, -0.759428, -0.329242, 5.001829, 3.344915, 1.450151
0.592507, -0.756083, -0.327792, 4.979461, 3.373457, 1.462525
0.597486, -0.752709, -0.326329, 4.956902, 3.401877, 1.474846
0.602443, -0.749307, -0.324855, 4.934152, 3.430174, 1.487114
0.607377, -0.745877, -0.323367, 4.911211, 3.458346, 1.499327
0.612288, -0.742419, -0.321868, 4.888081, 3.486392, 1.511486
0.617177, -0.738933, -0.320357, 4.864762, 3.514311, 1.523591
0.622041, -0.735418, -0.318833, 4.841254, 3.542103, 1.535640
0.626883, -0.731876, -0.317297, 4.817560, 3.569767, 1.547633
0.631700, -0.728306, -0.315750, 4.793678, 3.597300, 1.559570
0.636494, -0.724709, -0.314190, 4.769611, 3.624702, 1.571450
0.641263, -0.721084, -0.312619, 4.745360, 3.651973, 1.583273
0.646009, -0.717432, -0.311036, 4.720924, 3.679111, 1.595038
0.650730, -0.713753, -0.309440, 4.696304, 3.706115, 1.606745
0.655426, -0.710047, -0.307834, 4.671502, 3.732983, 1.618394
0.660097, -0.706314, -0.306215, 4.646519, 3.759716, 1.629983
0.664744, -0.702554, -0.304585, 4.621354, 3.786312, 1.641514
0.669365, -0.698768, -0.302944, 4.596010, 3.812770, 1.652984
0.673961, -0.694955, -0.301291, 4.570486, 3.839088, 1.664394
0.678532, -0.691116, -0.299626, 4.544785, 3.865267, 1.675744
0.683077, -0.687251, -0.297951, 4.518905, 3.891304, 1.687032
0.687596, -0.683360, -0.296264, 4.492850, 3.917199, 1.698259
0.692088, -0.679443, -0.294565, 4.466618, 3.942951, 1.709423
0.696555, -0.675500, -0.292856, 4.440212, 3.968560, 1.720525
0.700995, -0.671531, -0.291135, 4.413632, 3.994023, 1.731565
0.705409, -0.667537, -0.289404, 4.386878, 4.019339, 1.742540
0.709796, -0.663518, -0.287661, 4.359953, 4.044509, 1.753453
0.714156, -0.659473, -0.285908, 4.332856, 4.069531, 1.764301
0.718489, -0.655404, -0.284144, 4.305590, 4.094404, 1.775084
0.722794, -0.651309, -0.282369, 4.278153, 4.119127, 1.785802
0.727072, -0.647190, -0.280583, 4.250549, 4.143699, 1.796455
0.731323, -0.643046, -0.278786, 4.222776, 4.168118, 1.807042
0.735546, -0.638878, -0.276979, 4.194838, 4.192385, 1.817563
0.739740, -0.634686, -0.275162, 4.166733, 4.216499, 1.828017
0.743907, -0.630469, -0.273334, 4.138464, 4.240457, 1.838404
0.748046, -0.626229, -0.271495, 4.110031, 4.264260, 1.848723
0.752156, -0.621965, -0.269647, 4.081436, 4.287906, 1.858975
0.756237, -0.617677, -0.267788, 4.052678, 4.311394, 1.869158
0.760290, -0.613365, -0.265918, 4.023760, 4.334724, 1.879272
0.764314, -0.609031, -0.264039, 3.994682, 4.357894, 1.889317
0.768308, -0.604673, -0.262150, 3.965445, 4.380904, 1.899293
0.772274, -0.600292, -0.260251, 3.936051, 4.403753, 1.909199
0.776210, -0.595888, -0.258341, 3.906499, 4.426439, 1.919034
0.780116, -0.591462, -0.256422, 3.876792, 4.448962, 1.928799
0.783993, -0.587013, -0.254493, 3.846930, 4.471321, 1.938493
0.787840, -0.582541, -0.252555, 3.816914, 4.493515, 1.948115
0.791657, -0.578048, -0.250607, 3.786745, 4.515544, 1.957665
0.795444, -0.573532, -0.248649, 3.756425, 4.537405, 1.967143
0.799200, -0.568995, -0.246682, 3.725954, 4.559099, 1.976548
0.802926, -0.564436, -0.244706, 3.695334, 4.580625, 1.985880
0.806621, -0.559855, -0.242720, 3.664564, 4.601981, 1.995139
0.810286, -0.555253, -0.240725, 3.633648, 4.623167, 2.004324
0.813920, -0.550630, -0.238720, 3.602585, 4.644181, 2.013434
0.817522, -0.545986, -0.236707, 3.571376, 4.665024, 2.022471
0.821094, -0.541321, -0.234684, 3.540024, 4.685694, 2.031432
0.824634, -0.536635, -0.232653, 3.508528, 4.706190, 2.040318
0.828142, -0.531929, -0.230613, 3.476890, 4.726511, 2.049128
0.831619, -0.527202, -0.228563, 3.445111, 4.746658, 2.057862
0.835064, -0.522456, -0.226506, 3.413192, 4.766628, 2.066520
0.838477, -0.517689, -0.224439, 3.381134, 4.786420, 2.075101
0.841858, -0.512903, -0.222364, 3.348939, 4.806036, 2.083605
0.845207, -0.508097, -0.220280, 3.316607, 4.825472, 2.092031
0.848524, -0.503271, -0.218188, 3.284140, 4.844729, 2.100380
0.851808, -0.498426, -0.216088, 3.251538, 4.863805, 2.108650
0.855060, -0.493563, -0.213979, 3.218804, 4.882700, 2.116842
0.858278, -0.488680, -0.211862, 3.185937, 4.901414, 2.124955
0.861464, -0.483779, -0.209737, 3.152939, 4.919945, 2.132989
0.864617, -0.478859, -0.207604, 3.119812, 4.938292, 2.140943
0.867737, -0.473920, -0.205464, 3.086556, 4.956455, 2.148817
0.870824, -0.468964, -0.203315, 3.053173, 4.974432, 2.156612
0.873877, -0.463989, -0.201158, 3.019663, 4.992224, 2.164325
0.876896, -0.458997, -0.198994, 2.986029, 5.009830, 2.171958
0.879883, -0.453987, -0.196822, 2.952271, 5.027248, 2.179509
0.882835, -0.448960, -0.194642, 2.918390, 5.044478, 2.186979
0.885753, -0.443916, -0.192455, 2.884388, 5.061519, 2.194367
0.888638, -0.438854, -0.190261, 2.850265, 5.078370, 2.201673
0.891488, -0.433776, -0.188059, 2.816024, 5.095031, 2.208896
0.894304, -0.428681, -0.185850, 2.781664, 5.111501, 2.216036
0.897086, -0.423569, -0.183634, 2.747188, 5.127780, 2.223094
0.899833, -0.418441, -0.181411, 2.712597, 5.143865, 2.230068
0.902545, -0.413298, -0.179181, 2.677891, 5.159758, 2.236958
0.905223, -0.408138, -0.176944, 2.643073, 5.175456, 2.243763
0.907866, -0.402962, -0.174700, 2.608143, 5.190960, 2.250485
0.910474, -0.397771, -0.172450, 2.573103, 5.206269, 2.257122
0.913048, -0.392565, -0.170193, 2.537953, 5.221381, 2.263674
0.915585, -0.387344, -0.167929, 2.502696, 5.236297, 2.270141
0.918088, -0.382107, -0.165659, 2.467332, 5.251016, 2.276522
0.920556, -0.376856, -0.163383, 2.431862, 5.265536, 2.282817
0.922987, -0.371591, -0.161100, 2.396289, 5.279858, 2.289026
0.925384, -0.366311, -0.158811, 2.360612, 5.293980, 2.295148
0.927744, -0.361017, -0.156516, 2.324834, 5.307903, 2.301184
0.930069, -0.355709, -0.154214, 2.288956, 5.321624, 2.307133
0.932358, -0.350388, -0.151907, 2.252979, 5.335145, 2.312995
0.934611, -0.345052, -0.149594, 2.216905, 5.348463, 2.318769
0.936828, -0.339704, -0.147275, 2.180734, 5.361579, 2.324455
0.939009, -0.334342, -0.144951, 2.144468, 5.374492, 2.330054
0.941153, -0.328968, -0.142621, 2.108108, 5.387201, 2.335564
0.943261, -0.323581, -0.140285, 2.071656, 5.399706, 2.340985
0.945333, -0.318181, -0.137944, 2.035112, 5.412006, 2.346317
0.947368, -0.312769, -0.135598, 1.998480, 5.424100, 2.351561
0.949366, -0.307345, -0.133247, 1.961758, 5.435988, 2.356715
0.951328, -0.301909, -0.130890, 1.924950, 5.447669, 2.361779
0.953253, -0.296461, -0.128528, 1.888056, 5.459143, 2.366753
0.955141, -0.291002, -0.126161, 1.851077, 5.470410, 2.371638
0.956992, -0.285532, -0.123790, 1.814016, 5.481467, 2.376432
0.958806, -0.280050, -0.121413, 1.776873, 5.492316, 2.381135
0.960583, -0.274558, -0.119032, 1.739649, 5.502956, 2.385748
0.962323, -0.269055, -0.116646, 1.702347, 5.513385, 2.390269
0.964025, -0.263542, -0.114256, 1.664967, 5.523604, 2.394700
0.965690, -0.258018, -0.111861, 1.627511, 5.533611, 2.399038
0.967318, -0.252484, -0.109462, 1.589981, 5.543407, 2.403285
0.968908, -0.246941, -0.107059, 1.552376, 5.552991, 2.407440
0.970460, -0.241388, -0.104652, 1.514700, 5.562363, 2.411503
0.971975, -0.235826, -0.102240, 1.476953, 5.571521, 2.415474
0.973452, -0.230254, -0.099825, 1.439137, 5.580466, 2.419352
0.974891, -0.224674, -0.097405, 1.401254, 5.589197, 2.423137
0.976292, -0.219084, -0.094982, 1.363304, 5.597713, 2.426829
0.977655, -0.213487, -0.092555, 1.325288, 5.606014, 2.430428
0.978981, -0.207881, -0.090125, 1.287210, 5.614100, 2.433933
0.980268, -0.202267, -0.087691, 1.249069, 5.621970, 2.437345
0.981517, -0.196645, -0.085254, 1.210867, 5.629623, 2.440663
0.982728, -0.191015, -0.082813, 1.172607, 5.637060, 2.443888
0.983900, -0.185378, -0.080369, 1.134288, 5.644280, 2.447018
0.985035, -0.179734, -0.077922, 1.095913, 5.651282, 2.450053
0.986131, -0.174082, -0.075472, 1.057483, 5.658066, 2.452994
0.987188, -0.168424, -0.073019, 1.018999, 5.664632, 2.455841
0.988207, -0.162760, -0.070563, 0.980464, 5.670979, 2.458593
0.989188, -0.157089, -0.068105, 0.941877, 5.677106, 2.461249
0.990129, -0.151412, -0.065643, 0.903242, 5.683014, 2.463811
0.991033, -0.145729, -0.063179, 0.864559, 5.688703, 2.466277
0.991897, -0.140040, -0.060713, 0.825829, 5.694171, 2.468647
0.992723, -0.134346, -0.058245, 0.787055, 5.699418, 2.470922
0.993510, -0.128646, -0.055774, 0.748238, 5.704444, 2.473101
0.994258, -0.122942, -0.053301, 0.709379, 5.709249, 2.475185
0.994968, -0.117233, -0.050825, 0.670479, 5.713833, 2.477172
0.995638, -0.111519, -0.048348, 0.631541, 5.718194, 2.479063
0.996270, -0.105801, -0.045869, 0.592565, 5.722333, 2.480857
0.996862, -0.100078, -0.043388, 0.553553, 5.726250, 2.482555
0.997416, -0.094352, -0.040906, 0.514507, 5.729943, 2.484156
0.997930, -0.088622, -0.038422, 0.475428, 5.733414, 2.485661
0.998406, -0.082889, -0.035936, 0.436318, 5.736661, 2.487069
0.998842, -0.077152, -0.033449, 0.397178, 5.739684, 2.488379
0.999239, -0.071412, -0.030960, 0.358009, 5.742483, 2.489593
0.999597, -0.065670, -0.028471, 0.318814, 5.745058, 2.490709
0.999916, -0.059925, -0.025980, 0.279593, 5.747409, 2.491728
1.000196, -0.054177, -0.023488, 0.240348, 5.749534, 2.492650
1.000436, -0.048428, -0.020996, 0.201081, 5.751435, 2.493474
1.000637, -0.042676, -0.018502, 0.161794, 5.753111, 2.494201
1.000799, -0.036923, -0.016008, 0.122487, 5.754561, 2.494829
1.000921, -0.031169, -0.013513, 0.083162, 5.755785, 2.495360
1.001005, -0.025413, -0.011018, 0.043821, 5.756784, 2.495793
1.001048, -0.019656, -0.008522, 0.004465, 5.757557, 2.496128
1.001053, -0.013899, -0.006026, -0.034904, 5.758104, 2.496365
1.001018, -0.008140, -0.003530, -0.074284, 5.758424, 2.496504
1.000944, -0.002382, -0.001033, -0.113675, 5.758518, 2.496545
1.000830, 0.003377, 0.001463, -0.153074, 5.758385, 2.496487
1.000677, 0.009135, 0.003960, -0.192480, 5.758025, 2.496331
1.000485, 0.014893, 0.006456, -0.231892, 5.757438, 2.496077
1.000253, 0.020650, 0.008952, -0.271307, 5.756625, 2.495724
0.999981, 0.026407, 0.011448, -0.310725, 5.755584, 2.495273
0.999671, 0.032163, 0.013943, -0.350144, 5.754315, 2.494723
0.999320, 0.037917, 0.016438, -0.389562, 5.752820, 2.494075
0.998931, 0.043670, 0.018932, -0.428977, 5.751097, 2.493328
0.998502, 0.049421, 0.021425, -0.468389, 5.749146, 2.492482
0.998034, 0.055170, 0.023918, -0.507795, 5.746968, 2.491538
0.997526, 0.060917, 0.026409, -0.547194, 5.744562, 2.490494
0.996979, 0.066661, 0.028900, -0.586585, 5.741928, 2.489353
0.996392, 0.072403, 0.031389, -0.625966, 5.739066, 2.488112
0.995766, 0.078142, 0.033877, -0.665335, 5.735977, 2.486773
0.995101, 0.083878, 0.036364, -0.704690, 5.732659, 2.485334
0.994396, 0.089611, 0.038850, -0.744031, 5.729114, 2.483797
0.993652, 0.095340, 0.041333, -0.783355, 5.725341, 2.482162
0.992869, 0.101066, 0.043816, -0.822662, 5.721340, 2.480427
0.992046, 0.106787, 0.046296, -0.861948, 5.717111, 2.478594
0.991184, 0.112504, 0.048775, -0.901214, 5.712654, 2.476661
0.990283, 0.118217, 0.051251, -0.940457, 5.707969, 2.474630
0.989342, 0.123925, 0.053726, -0.979676, 5.703057, 2.472501
0.988363, 0.129628, 0.056198, -1.018868, 5.697917, 2.470272
0.987344, 0.135326, 0.058669, -1.058034, 5.692549, 2.467945
0.986286, 0.141018, 0.061137, -1.097170, 5.686953, 2.465519
0.985189, 0.146705, 0.063602, -1.136276, 5.681130, 2.462994
0.984052, 0.152386, 0.066065, -1.175349, 5.675079, 2.460371
0.982877, 0.158061, 0.068525, -1.214389, 5.668801, 2.457649
0.981663, 0.163730, 0.070983, -1.253393, 5.662295, 2.454829
0.980409, 0.169392, 0.073438, -1.292360, 5.655563, 2.451910
0.979117, 0.175048, 0.075890, -1.331289, 5.648603, 2.448893
0.977785, 0.180697, 0.078339, -1.370178, 5.641416, 2.445777
0.976415, 0.186338, 0.080784, -1.409024, 5.634003, 2.442563
0.975006, 0.191972, 0.083227, -1.447828, 5.626363, 2.439251
0.973558, 0.197598, 0.085666, -1.486587, 5.618496, 2.435840
0.972072, 0.203217, 0.088102, -1.525299, 5.610403, 2.432332
0.970547, 0.208827, 0.090534, -1.563963, 5.602084, 2.428725
0.968983, 0.214429, 0.092963, -1.602577, 5.593539, 2.425021
0.967380, 0.220023, 0.095388, -1.641141, 5.584768, 2.421218
0.965739, 0.225608, 0.097809, -1.679651, 5.575771, 2.417318
0.964059, 0.231183, 0.100227, -1.718107, 5.566550, 2.413320
0.962341, 0.236750, 0.102640, -1.756507, 5.557103, 2.409224
0.960585, 0.242307, 0.105049, -1.794849, 5.547431, 2.405031
0.958790, 0.247855, 0.107454, -1.833132, 5.537534, 2.400741
0.956957, 0.253392, 0.109855, -1.871354, 5.527414, 2.396353
0.955085, 0.258919, 0.112251, -1.909514, 5.517069, 2.391868
0.953176, 0.264437, 0.114643, -1.947610, 5.506500, 2.387286
0.951228, 0.269943, 0.117031, -1.985640, 5.495707, 2.382607
0.949243, 0.275439, 0.119413, -2.023604, 5.484692, 2.377831
0.947219, 0.280923, 0.121791, -2.061498, 5.473453, 2.372959
0.945157, 0.286397, 0.124164, -2.099322, 5.461992, 2.367990
0.943058, 0.291859, 0.126532, -2.137075, 5.450308, 2.362925
0.940921, 0.297309, 0.128895, -2.174754, 5.438402, 2.357763
0.938746, 0.302748, 0.131253, -2.212357, 5.426275, 2.352505
0.936534, 0.308174, 0.133605, -2.249885, 5.413926, 2.347152
0.934284, 0.313588, 0.135952, -2.287334, 5.401357, 2.341702
0.931997, 0.318989, 0.138294, -2.324703, 5.388567, 2.336157
0.929672, 0.324378, 0.140630, -2.361991, 5.375556, 2.330517
0.927310, 0.329753, 0.142961, -2.399196, 5.362326, 2.324781
0.924911, 0.335116, 0.145285, -2.436316, 5.348877, 2.318950
0.922474, 0.340464, 0.147604, -2.473351, 5.335208, 2.313024
0.920001, 0.345800, 0.149917, -2.510297, 5.321321, 2.307004
0.917491, 0.351121, 0.152224, -2.547155, 5.307216, 2.300889
0.914944, 0.356428, 0.154525, -2.583922, 5.292893, 2.294679
0.912360, 0.361721, 0.156820, -2.620596, 5.278353, 2.288375
0.909739, 0.366999, 0.159108, -2.657177, 5.263595, 2.281978
0.907082, 0.372263, 0.161390, -2.693662, 5.248622, 2.275486
0.904388, 0.377512, 0.163666, -2.730050, 5.233433, 2.268901
0.901658, 0.382745, 0.165935, -2.766339, 5.218028, 2.262222
0.898892, 0.387963, 0.168197, -2.802529, 5.202409, 2.255451
0.896089, 0.393166, 0.170452, -2.838616, 5.186575, 2.248586
0.893251, 0.398352, 0.172701, -2.874601, 5.170528, 2.241629
0.890376, 0.403523, 0.174943, -2.910480, 5.154267, 2.234579
0.887466, 0.408677, 0.177177, -2.946254, 5.137793, 2.227437
0.884519, 0.413815, 0.179405, -2.981919, 5.121107, 2.220203
0.881538, 0.418936, 0.181625, -3.017476, 5.104210, 2.212878
0.878520, 0.424040, 0.183838, -3.052921, 5.087101, 2.205461
0.875467, 0.429127, 0.186043, -3.088254, 5.069782, 2.197952
0.872379, 0.434197, 0.188241, -3.123473, 5.052253, 2.190353
0.869255, 0.439249, 0.190431, -3.158576, 5.034515, 2.182662
0.866097, 0.444284, 0.192614, -3.193562, 5.016568, 2.174882
0.862903, 0.449300, 0.194789, -3.228430, 4.998413, 2.167011
0.859675, 0.454299, 0.196956, -3.263178, 4.980050, 2.159050
0.856412, 0.459279, 0.199115, -3.297804, 4.961481, 2.150999
0.853114, 0.464240, 0.201266, -3.332307, 4.942705, 2.142859
0.849782, 0.469183, 0.203409, -3.366685, 4.923724, 2.134630
0.846415, 0.474107, 0.205544, -3.400938, 4.904538, 2.126312
0.843014, 0.479011, 0.207670, -3.435063, 4.885148, 2.117906
0.839579, 0.483896, 0.209788, -3.469058, 4.865555, 2.109411
0.836110, 0.488762, 0.211897, -3.502924, 4.845758, 2.100829
0.832607, 0.493608, 0.213998, -3.536657, 4.825759, 2.092159
0.829070, 0.498433, 0.216090, -3.570256, 4.805560, 2.083401
0.825500, 0.503239, 0.218174, -3.603721, 4.785159, 2.074557
0.821896, 0.508024, 0.220248, -3.637049, 4.764558, 2.065626
0.818259, 0.512789, 0.222314, -3.670239, 4.743759, 2.056608
0.814589, 0.517532, 0.224370, -3.703290, 4.722761, 2.047505
0.810886, 0.522255, 0.226418, -3.736200, 4.701565, 2.038315
0.807149, 0.526957, 0.228456, -3.768967, 4.680172, 2.029041
0.803381, 0.531637, 0.230485, -3.801591, 4.658583, 2.019681
0.799579, 0.536296, 0.232505, -3.834070, 4.636799, 2.010237
0.795745, 0.540932, 0.234515, -3.866402, 4.614821, 2.000708
0.791878, 0.545547, 0.236516, -3.898586, 4.592648, 1.991096
0.787980, 0.550140, 0.238507, -3.930620, 4.570283, 1.981400
0.784049, 0.554710, 0.240488, -3.962503, 4.547726, 1.971620
0.780087, 0.559258, 0.242460, -3.994234, 4.524977, 1.961758
0.776092, 0.563783, 0.244422, -4.025811, 4.502038, 1.951813
0.772067, 0.568285, 0.246374, -4.057233, 4.478910, 1.941786
0.768009, 0.572764, 0.248315, -4.088499, 4.455593, 1.931677
0.763921, 0.577219, 0.250247, -4.119606, 4.432088, 1.921487
0.759801, 0.581651, 0.252169, -4.150554, 4.408397, 1.911216
0.755651, 0.586060, 0.254080, -4.181341, 4.384519, 1.900864
0.751469, 0.590444, 0.255981, -4.211966, 4.360456, 1.890432
0.747257, 0.594805, 0.257871, -4.242428, 4.336210, 1.879920
0.743015, 0.599141, 0.259751, -4.272724, 4.311779, 1.869328
0.738742, 0.603453, 0.261620, -4.302855, 4.287167, 1.858658
0.734439, 0.607740, 0.263479, -4.332817, 4.262373, 1.847909
0.730107, 0.612002, 0.265327, -4.362611, 4.237399, 1.837082
0.725744, 0.616240, 0.267164, -4.392234, 4.212245, 1.826177
0.721352, 0.620452, 0.268990, -4.421686, 4.186913, 1.815194
0.716930, 0.624639, 0.270805, -4.450965, 4.161404, 1.804135
0.712479, 0.628800, 0.272609, -4.480069, 4.135718, 1.792999
0.707999, 0.632936, 0.274402, -4.508998, 4.109856, 1.781787
0.703490, 0.637046, 0.276184, -4.537750, 4.083820, 1.770499
0.698952, 0.641130, 0.277955, -4.566323, 4.057610, 1.759136
0.694386, 0.645187, 0.279714, -4.594717, 4.031228, 1.747698
0.689791, 0.649218, 0.281462, -4.622930, 4.004674, 1.736186
0.685168, 0.653223, 0.283198, -4.650961, 3.977950, 1.724600
0.680517, 0.657201, 0.284922, -4.678808, 3.951057, 1.712941
0.675839, 0.661152, 0.286635, -4.706471, 3.923995, 1.701209
0.671132, 0.665076, 0.288336, -4.733948, 3.896767, 1.689404
0.666398, 0.668973, 0.290026, -4.761238, 3.869371, 1.677527
0.661637, 0.672842, 0.291703, -4.788339, 3.841811, 1.665579
0.656849, 0.676684, 0.293369, -4.815250, 3.814087, 1.653559
0.652033, 0.680498, 0.295023, -4.841971, 3.786200, 1.641469
0.647191, 0.684284, 0.296664, -4.868499, 3.758152, 1.629309
0.642323, 0.688043, 0.298293, -4.894834, 3.729942, 1.617079
0.637428, 0.691772, 0.299910, -4.920974, 3.701573, 1.604780
0.632507, 0.695474, 0.301515, -4.946919, 3.673046, 1.592412
0.627560, 0.699147, 0.303108, -4.972666, 3.644361, 1.579977
0.622588, 0.702791, 0.304688, -4.998216, 3.615521, 1.567473
0.617589, 0.706407, 0.306255, -5.023565, 3.586525, 1.554902
0.612566, 0.709994, 0.307810, -5.048715, 3.557376, 1.542265
0.607517, 0.713551, 0.309352, -5.073662, 3.528074, 1.529561
0.602443, 0.717079, 0.310882, -5.098407, 3.498621, 1.516792
0.597345, 0.720578, 0.312399, -5.122948, 3.469017, 1.503958
0.592222, 0.724047, 0.313903, -5.147284, 3.439264, 1.491059
0.587075, 0.727486, 0.315394, -5.171413, 3.409364, 1.478096
0.581903, 0.730895, 0.316872, -5.195335, 3.379317, 1.465069
0.576708, 0.734275, 0.318337, -5.219048, 3.349125, 1.451980
0.571489, 0.737624, 0.319789, -5.242552, 3.318788, 1.438828
0.566246, 0.740942, 0.321228, -5.265845, 3.288309, 1.425614
0.560981, 0.744231, 0.322653, -5.288927, 3.257688, 1.412338
0.555692, 0.747488, 0.324066, -5.311795, 3.226926, 1.399002
0.550380, 0.750715, 0.325465, -5.334450, 3.196026, 1.385606
0.545045, 0.753911, 0.326850, -5.356889, 3.164987, 1.372149
0.539688, 0.757076, 0.328222, -5.379112, 3.133812, 1.358634
0.534309, 0.760210, 0.329581, -5.401119, 3.102502, 1.345059
0.528908, 0.763313, 0.330926, -5.422907, 3.071057, 1.331427
0.523485, 0.766384, 0.332257, -5.444476, 3.039480, 1.317737
0.518041, 0.769423, 0.333575, -5.465825, 3.007772, 1.303990
0.512575, 0.772431, 0.334879, -5.486952, 2.975933, 1.290187
0.507088, 0.775407, 0.336169, -5.507858, 2.943966, 1.276328
0.501580, 0.778351, 0.337446, -5.528540, 2.911871, 1.262413
0.496052, 0.781263, 0.338708, -5.548999, 2.879650, 1.248444
0.490503, 0.784142, 0.339956, -5.569232, 2.847304, 1.234421
0.484933, 0.786990, 0.341191, -5.589239, 2.814835, 1.220344
0.479344, 0.789805, 0.342411, -5.609019, 2.782244, 1.206215
0.473735, 0.792587, 0.343617, -5.628571, 2.749532, 1.192033
0.468107, 0.795336, 0.344810, -5.647894, 2.716701, 1.177799
0.462459, 0.798053, 0.345987, -5.666988, 2.683751, 1.163514
0.456792, 0.800737, 0.347151, -5.685851, 2.650685, 1.149179
0.451106, 0.803387, 0.348300, -5.704482, 2.617504, 1.134794
0.445401, 0.806005, 0.349435, -5.722881, 2.584209, 1.120359
0.439679, 0.808589, 0.350555, -5.741047, 2.550802, 1.105876
0.433937, 0.811140, 0.351661, -5.758978, 2.517284, 1.091344
0.428178, 0.813657, 0.352752, -5.776675, 2.483656, 1.076765
0.422402, 0.816141, 0.353829, -5.794135, 2.449919, 1.062139
0.416608, 0.818591, 0.354891, -5.811359, 2.416077, 1.047467
0.410796, 0.821007, 0.355939, -5.828345, 2.382128, 1.032749
0.404968, 0.823389, 0.356971, -5.845093, 2.348076, 1.017986
0.399123, 0.825737, 0.357989, -5.861602, 2.313922, 1.003179
0.393261, 0.828051, 0.358993, -5.877870, 2.279666, 0.988328
0.387383, 0.830331, 0.359981, -5.893899, 2.245311, 0.973433
0.381490, 0.832576, 0.360954, -5.909685, 2.210858, 0.958497
0.375580, 0.834787, 0.361913, -5.925229, 2.176308, 0.943518
0.369655, 0.836963, 0.362856, -5.940531, 2.141663, 0.928498
0.363714, 0.839105, 0.363785, -5.955589, 2.106924, 0.913437
0.357758, 0.841212, 0.364698, -5.970402, 2.072093, 0.898337
0.351788, 0.843284, 0.365597, -5.984970, 2.037172, 0.883197
0.345803, 0.845321, 0.366480, -5.999292, 2.002161, 0.868018
0.339804, 0.847323, 0.367348, -6.013368, 1.967062, 0.852802
0.333790, 0.849290, 0.368201, -6.027196, 1.931877, 0.837548
0.327763, 0.851222, 0.369038, -6.040777, 1.896608, 0.822257
0.321722, 0.853119, 0.369861, -6.054109, 1.861255, 0.806930
0.315668, 0.854980, 0.370667, -6.067191, 1.825821, 0.791568
0.309601, 0.856806, 0.371459, -6.080024, 1.790306, 0.776171
0.303521, 0.858596, 0.372235, -6.092607, 1.754713, 0.760740
0.297429, 0.860351, 0.372996, -6.104938, 1.719042, 0.745275
0.291324, 0.862070, 0.373741, -6.117018, 1.683296, 0.729778
0.285207, 0.863753, 0.374471, -6.128846, 1.647476, 0.714248
0.279078, 0.865401, 0.375185, -6.140421, 1.611583, 0.698687
0.272937, 0.867012, 0.375884, -6.151742, 1.575620, 0.683096
0.266786, 0.868588, 0.376567, -6.162810, 1.539586, 0.667474
0.260623, 0.870127, 0.377234, -6.173623, 1.503486, 0.651823
0.254449, 0.871631, 0.377886, -6.184181, 1.467318, 0.636143
0.248265, 0.873098, 0.378522, -6.194483, 1.431086, 0.620435
0.242070, 0.874529, 0.379143, -6.204530, 1.394791, 0.604700
0.235866, 0.875924, 0.379748, -6.214320, 1.358434, 0.588937
0.229652, 0.877283, 0.380337, -6.223853, 1.322017, 0.573149
0.223428, 0.878605, 0.380910, -6.233129, 1.285542, 0.557336
0.217195, 0.879890, 0.381467, -6.242146, 1.249010, 0.541498
0.210952, 0.881139, 0.382009, -6.250906, 1.212422, 0.525635
0.204702, 0.882352, 0.382534, -6.259406, 1.175781, 0.509750
0.198442, 0.883527, 0.383044, -6.267648, 1.139087, 0.493842
0.192175, 0.884666, 0.383538, -6.275630, 1.102343, 0.477912
0.185899, 0.885769, 0.384016, -6.283352, 1.065550, 0.461961
0.179616, 0.886834, 0.384478, -6.290813, 1.028710, 0.445989
0.173325, 0.887863, 0.384924, -6.298014, 0.991824, 0.429997
0.167027, 0.888855, 0.385354, -6.304953, 0.954894, 0.413987
0.160722, 0.889810, 0.385768, -6.311632, 0.917921, 0.397958
0.154410, 0.890728, 0.386166, -6.318048, 0.880907, 0.381911
0.148092, 0.891609, 0.386547, -6.324202, 0.843854, 0.365847
0.141768, 0.892452, 0.386913, -6.330094, 0.806763, 0.349766
0.135438, 0.893259, 0.387263, -6.335724, 0.769636, 0.333670
0.129102, 0.894029, 0.387597, -6.341090, 0.732475, 0.317559
0.122761, 0.894761, 0.387914, -6.346193, 0.695281, 0.301434
0.116415, 0.895457, 0.388216, -6.351032, 0.658055, 0.285296
0.110064, 0.896115, 0.388501, -6.355608, 0.620800, 0.269144
0.103708, 0.896735, 0.388770, -6.359920, 0.583517, 0.252980
0.097348, 0.897319, 0.389023, -6.363968, 0.546208, 0.236805
0.090984, 0.897865, 0.389260, -6.367751, 0.508873, 0.220619
0.084617, 0.898374, 0.389481, -6.371270, 0.471516, 0.204423
0.078245, 0.898846, 0.389685, -6.374523, 0.434137, 0.188218
0.071871, 0.899280, 0.389873, -6.377512, 0.396739, 0.172004
0.065493, 0.899676, 0.390045, -6.380236, 0.359322, 0.155783
0.059113, 0.900036, 0.390201, -6.382695, 0.321888, 0.139554
0.052730, 0.900358, 0.390341, -6.384888, 0.284440, 0.123319
0.046345, 0.900642, 0.390464, -6.386816, 0.246978, 0.107077
0.039959, 0.900889, 0.390571, -6.388478, 0.209505, 0.090831
0.033570, 0.901099, 0.390662, -6.389874, 0.172021, 0.074581
0.027180, 0.901271, 0.390736, -6.391005, 0.134529, 0.058326
0.020789, 0.901405, 0.390795, -6.391870, 0.097031, 0.042069
0.014397, 0.901502, 0.390837, -6.392469, 0.059527, 0.025810
0.008005, 0.901562, 0.390863, -6.392802, 0.022020, 0.009549
0.001612, 0.901584, 0.390872, -6.392869, -0.015489, -0.006712
-0.004781, 0.901568, 0.390865, -6.392670, -0.052998, -0.022974
-0.011173, 0.901515, 0.390842, -6.392205, -0.090506, -0.039235
-0.017566, 0.901425, 0.390803, -6.391474, -0.128011, -0.055495
-0.023957, 0.901297, 0.390748, -6.390477, -0.165511, -0.071753
-0.030348, 0.901131, 0.390676, -6.389215, -0.203004, -0.088008
-0.036737, 0.900928, 0.390588, -6.387686, -0.240490, -0.104259
-0.043125, 0.900688, 0.390484, -6.385892, -0.277965, -0.120506
-0.049510, 0.900410, 0.390363, -6.383832, -0.315430, -0.136749
-0.055894, 0.900094, 0.390226, -6.381506, -0.352882, -0.152985
-0.062276, 0.899741, 0.390073, -6.378915, -0.390319, -0.169216
-0.068655, 0.899351, 0.389904, -6.376058, -0.427739, -0.185439
-0.075031, 0.898923, 0.389719, -6.372936, -0.465142, -0.201655
-0.081404, 0.898458, 0.389517, -6.369549, -0.502526, -0.217862
-0.087773, 0.897956, 0.389299, -6.365897, -0.539888, -0.234060
-0.094139, 0.897416, 0.389065, -6.361980, -0.577228, -0.250248
-0.100501, 0.896839, 0.388815, -6.357799, -0.614543, -0.266426
-0.106859, 0.896224, 0.388549, -6.353352, -0.651832, -0.282592
-0.113212, 0.895572, 0.388266, -6.348642, -0.689094, -0.298747
-0.119561, 0.894883, 0.387967, -6.343668, -0.726326, -0.314888
-0.125905, 0.894157, 0.387652, -6.338429, -0.763527, -0.331016
-0.132243, 0.893393, 0.387321, -6.332928, -0.800696, -0.347131
-0.138576, 0.892593, 0.386974, -6.327162, -0.837830, -0.363230
-0.144903, 0.891755, 0.386611, -6.321134, -0.874929, -0.379314
-0.151224, 0.890880, 0.386232, -6.314843, -0.911990, -0.395381
-0.157539, 0.889968, 0.385836, -6.308290, -0.949013, -0.411432
-0.163847, 0.889019, 0.385425, -6.301474, -0.985994, -0.427465
-0.170149, 0.888033, 0.384997, -6.294396, -1.022934, -0.443480
-0.176443, 0.887010, 0.384554, -6.287057, -1.059829, -0.459475
-0.182730, 0.885950, 0.384094, -6.279456, -1.096679, -0.475451
-0.189010, 0.884853, 0.383619, -6.271595, -1.133482, -0.491407
-0.195281, 0.883720, 0.383128, -6.263473, -1.170237, -0.507341
-0.201545, 0.882550, 0.382620, -6.255091, -1.206941, -0.523254
-0.207800, 0.881343, 0.382097, -6.246450, -1.243593, -0.539144
-0.214046, 0.880099, 0.381558, -6.237549, -1.280191, -0.555011
-0.220284, 0.878819, 0.381003, -6.228389, -1.316734, -0.570854
-0.226512, 0.877502, 0.380432, -6.218970, -1.353221, -0.586672
-0.232731, 0.876149, 0.379845, -6.209294, -1.389650, -0.602465
-0.238941, 0.874759, 0.379243, -6.199360, -1.426018, -0.618233
-0.245140, 0.873333, 0.378625, -6.189169, -1.462325, -0.633973
-0.251329, 0.871871, 0.377991, -6.178721, -1.498570, -0.649686
-0.257508, 0.870372, 0.377341, -6.168017, -1.534749, -0.665372
-0.263676, 0.868838, 0.376676, -6.157057, -1.570862, -0.681028
-0.269833, 0.867267, 0.375995, -6.145842, -1.606908, -0.696655
-0.275979, 0.865660, 0.375298, -6.134373, -1.642884, -0.712253
-0.282113, 0.864017, 0.374586, -6.122649, -1.678790, -0.727819
-0.288236, 0.862338, 0.373858, -6.110672, -1.714623, -0.743354
-0.294346, 0.860624, 0.373114, -6.098442, -1.750382, -0.758857
-0.300445, 0.858873, 0.372356, -6.085959, -1.786065, -0.774327
-0.306531, 0.857087, 0.371581, -6.073225, -1.821672, -0.789764
-0.312604, 0.855265, 0.370791, -6.060239, -1.857200, -0.805167
-0.318664, 0.853408, 0.369986, -6.047003, -1.892647, -0.820535
-0.324711, 0.851516, 0.369166, -6.033517, -1.928013, -0.835867
-0.330745, 0.849588, 0.368330, -6.019781, -1.963296, -0.851164
-0.336765, 0.847624, 0.367479, -6.005797, -1.998494, -0.866424
-0.342770, 0.845626, 0.366612, -5.991564, -2.033606, -0.881646
-0.348762, 0.843592, 0.365731, -5.977084, -2.068630, -0.896830
-0.354739, 0.841524, 0.364834, -5.962358, -2.103565, -0.911976
-0.360701, 0.839420, 0.363922, -5.947385, -2.138409, -0.927082
-0.366649, 0.837282, 0.362995, -5.932167, -2.173161, -0.942148
-0.372581, 0.835108, 0.362053, -5.916705, -2.207819, -0.957174
-0.378498, 0.832901, 0.361095, -5.900998, -2.242381, -0.972158
-0.384399, 0.830658, 0.360123, -5.885049, -2.276847, -0.987101
-0.390284, 0.828381, 0.359136, -5.868857, -2.311215, -1.002001
-0.396153, 0.826070, 0.358134, -5.852423, -2.345483, -1.016857
-0.402005, 0.823725, 0.357117, -5.835748, -2.379650, -1.031670
-0.407841, 0.821345, 0.356086, -5.818834, -2.413714, -1.046438
-0.413660, 0.818931, 0.355039, -5.801680, -2.447675, -1.061161
-0.419461, 0.816484, 0.353978, -5.784287, -2.481529, -1.075838
-0.425245, 0.814002, 0.352902, -5.766657, -2.515277, -1.090469
-0.431012, 0.811487, 0.351812, -5.748790, -2.548916, -1.105053
-0.436761, 0.808938, 0.350707, -5.730687, -2.582446, -1.119590
-0.442492, 0.806355, 0.349587, -5.712348, -2.615864, -1.134078
-0.448204, 0.803740, 0.348453, -5.693776, -2.649169, -1.148517
-0.453898, 0.801090, 0.347305, -5.674970, -2.682360, -1.162907
-0.459573, 0.798408, 0.346142, -5.655931, -2.715436, -1.177246
-0.465229, 0.795693, 0.344964, -5.636660, -2.748395, -1.191535
-0.470865, 0.792944, 0.343773, -5.617159, -2.781235, -1.205773
-0.476482, 0.790163, 0.342567, -5.597428, -2.813956, -1.219959
-0.482080, 0.787349, 0.341347, -5.577468, -2.846556, -1.234092
-0.487657, 0.784503, 0.340113, -5.557279, -2.879033, -1.248172
-0.493215, 0.781623, 0.338865, -5.536864, -2.911386, -1.262198
-0.498752, 0.778712, 0.337603, -5.516223, -2.943614, -1.276171
-0.504268, 0.775768, 0.336326, -5.495356, -2.975716, -1.290088
-0.509763, 0.772793, 0.335036, -5.474265, -3.007689, -1.303950
-0.515237, 0.769785, 0.333732, -5.452951, -3.039533, -1.317755
-0.520690, 0.766746, 0.332415, -5.431414, -3.071247, -1.331505
-0.526122, 0.763674, 0.331083, -5.409657, -3.102829, -1.345196
-0.531531, 0.760571, 0.329738, -5.387679, -3.134277, -1.358831
-0.536919, 0.757437, 0.328379, -5.365481, -3.165591, -1.372406
-0.542285, 0.754272, 0.327007, -5.343066, -3.196769, -1.385923
-0.547628, 0.751075, 0.325621, -5.320434, -3.227809, -1.399381
-0.552948, 0.747847, 0.324221, -5.297585, -3.258712, -1.412778
-0.558246, 0.744588, 0.322809, -5.274521, -3.289474, -1.426115
-0.563520, 0.741299, 0.321383, -5.251243, -3.320095, -1.439390
-0.568771, 0.737979, 0.319943, -5.227753, -3.350574, -1.452604
-0.573999, 0.734628, 0.318491, -5.204050, -3.380910, -1.465756
-0.579203, 0.731247, 0.317025, -5.180137, -3.411100, -1.478844
-0.584383, 0.727836, 0.315546, -5.156014, -3.441145, -1.491870
-0.589539, 0.724395, 0.314054, -5.131683, -3.471042, -1.504831
-0.594671, 0.720924, 0.312549, -5.107144, -3.500790, -1.517729
-0.599778, 0.717423, 0.311032, -5.082400, -3.530389, -1.530561
-0.604861, 0.713893, 0.309501, -5.057449, -3.559836, -1.543327
-0.609918, 0.710333, 0.307958, -5.032295, -3.589132, -1.556028
-0.614950, 0.706744, 0.306402, -5.006939, -3.618273, -1.568662
-0.619957, 0.703126, 0.304833, -4.981380, -3.647261, -1.581229
-0.624939, 0.699478, 0.303252, -4.955621, -3.676092, -1.593729
-0.629894, 0.695802, 0.301658, -4.929663, -3.704766, -1.606160
-0.634824, 0.692097, 0.300052, -4.903506, -3.733283, -1.618523
