Posicion                     Velocidad
0.065511, -0.658974, -0.300619, 7.307892, 0.750489, 0.124833
0.072819, -0.658224, -0.300495, 7.300419, 0.818045, 0.155673
0.080120, -0.657406, -0.300339, 7.292195, 0.885526, 0.186502
0.087412, -0.656520, -0.300152, 7.283221, 0.952927, 0.217317
0.094695, -0.655567, -0.299935, 7.273497, 1.020240, 0.248114
0.101968, -0.654547, -0.299687, 7.263026, 1.087459, 0.278891
0.109231, -0.653459, -0.299408, 7.251807, 1.154577, 0.309643
0.116483, -0.652305, -0.299098, 7.239841, 1.221586, 0.340369
0.123723, -0.651083, -0.298758, 7.227129, 1.288481, 0.371064
0.130950, -0.649795, -0.298387, 7.213672, 1.355254, 0.401727
0.138164, -0.648440, -0.297985, 7.199472, 1.421899, 0.432353
0.145363, -0.647018, -0.297553, 7.184530, 1.488408, 0.462939
0.152548, -0.645529, -0.297090, 7.168846, 1.554775, 0.493483
0.159717, -0.643974, -0.296596, 7.152423, 1.620994, 0.523982
0.166869, -0.642353, -0.296073, 7.135261, 1.687057, 0.554432
0.174004, -0.640666, -0.295518, 7.117363, 1.752958, 0.584829
0.181122, -0.638913, -0.294933, 7.098729, 1.818689, 0.615172
0.188221, -0.637095, -0.294318, 7.079361, 1.884245, 0.645457
0.195300, -0.635210, -0.293673, 7.059262, 1.949619, 0.675681
0.202359, -0.633261, -0.292997, 7.038432, 2.014803, 0.705840
0.209398, -0.631246, -0.292291, 7.016874, 2.079791, 0.735932
0.216414, -0.629166, -0.291555, 6.994590, 2.144577, 0.765954
0.223409, -0.627022, -0.290789, 6.971581, 2.209153, 0.795902
0.230381, -0.624813, -0.289993, 6.947850, 2.273514, 0.825773
0.237328, -0.622539, -0.289168, 6.923399, 2.337652, 0.855565
0.244252, -0.620201, -0.288312, 6.898230, 2.401561, 0.885275
0.251150, -0.617800, -0.287427, 6.872345, 2.465234, 0.914898
0.258022, -0.615335, -0.286512, 6.845747, 2.528665, 0.944433
0.264868, -0.612806, -0.285567, 6.818438, 2.591847, 0.973876
0.271687, -0.610214, -0.284593, 6.790421, 2.654774, 1.003224
0.278477, -0.607559, -0.283590, 6.761699, 2.717439, 1.032474
0.285239, -0.604842, -0.282558, 6.732273, 2.779836, 1.061623
0.291971, -0.602062, -0.281496, 6.702147, 2.841957, 1.090668
0.298673, -0.599220, -0.280406, 6.671323, 2.903798, 1.119606
0.305344, -0.596316, -0.279286, 6.639805, 2.965350, 1.148435
0.311984, -0.593351, -0.278137, 6.607595, 3.026609, 1.177150
0.318592, -0.590324, -0.276960, 6.574697, 3.087567, 1.205750
0.325167, -0.587237, -0.275755, 6.541113, 3.148218, 1.234230
0.331708, -0.584089, -0.274520, 6.506847, 3.208556, 1.262589
0.338215, -0.580880, -0.273258, 6.471901, 3.268575, 1.290823
0.344686, -0.577611, -0.271967, 6.436280, 3.328268, 1.318929
0.351123, -0.574283, -0.270648, 6.399986, 3.387628, 1.346905
0.357523, -0.570896, -0.269301, 6.363023, 3.446651, 1.374747
0.363886, -0.567449, -0.267926, 6.325395, 3.505329, 1.402452
0.370211, -0.563944, -0.266524, 6.287104, 3.563657, 1.430018
0.376498, -0.560380, -0.265094, 6.248156, 3.621628, 1.457442
0.382746, -0.556758, -0.263636, 6.208553, 3.679236, 1.484721
0.388955, -0.553079, -0.262152, 6.168299, 3.736476, 1.511851
0.395123, -0.549343, -0.260640, 6.127398, 3.793340, 1.538831
0.401251, -0.545549, -0.259101, 6.085855, 3.849824, 1.565657
0.407337, -0.541699, -0.257535, 6.043672, 3.905920, 1.592327
0.413380, -0.537793, -0.255943, 6.000855, 3.961624, 1.618837
0.419381, -0.533832, -0.254324, 5.957407, 4.016930, 1.645185
0.425338, -0.529815, -0.252679, 5.913332, 4.071830, 1.671368
0.431252, -0.525743, -0.251008, 5.868635, 4.126321, 1.697384
0.437120, -0.521617, -0.249310, 5.823321, 4.180395, 1.723229
0.442944, -0.517436, -0.247587, 5.777392, 4.234047, 1.748901
0.448721, -0.513202, -0.245838, 5.730855, 4.287272, 1.774397
0.454452, -0.508915, -0.244064, 5.683713, 4.340063, 1.799715
0.460136, -0.504575, -0.242264, 5.635972, 4.392416, 1.824851
0.465772, -0.500183, -0.240439, 5.587635, 4.444324, 1.849803
0.471359, -0.495738, -0.238589, 5.538707, 4.495781, 1.874569
0.476898, -0.491242, -0.236715, 5.489195, 4.546784, 1.899145
0.482387, -0.486696, -0.234816, 5.439101, 4.597325, 1.923530
0.487826, -0.482098, -0.232892, 5.388431, 4.647400, 1.947720
0.493215, -0.477451, -0.230944, 5.337191, 4.697002, 1.971713
0.498552, -0.472754, -0.228973, 5.285384, 4.746128, 1.995506
0.503837, -0.468008, -0.226977, 5.233017, 4.794771, 2.019098
0.509070, -0.463213, -0.224958, 5.180095, 4.842926, 2.042484
0.514250, -0.458370, -0.222916, 5.126622, 4.890589, 2.065663
0.519377, -0.453480, -0.220850, 5.072604, 4.937753, 2.088633
0.524450, -0.448542, -0.218761, 5.018046, 4.984414, 2.111390
0.529468, -0.443557, -0.216650, 4.962955, 5.030566, 2.133933
0.534431, -0.438527, -0.214516, 4.907334, 5.076206, 2.156258
0.539338, -0.433451, -0.212360, 4.851191, 5.121327, 2.178364
0.544189, -0.428329, -0.210181, 4.794530, 5.165924, 2.200248
0.548984, -0.423163, -0.207981, 4.737357, 5.209994, 2.221908
0.553721, -0.417953, -0.205759, 4.679678, 5.253531, 2.243342
0.558401, -0.412700, -0.203516, 4.621498, 5.296530, 2.264546
0.563022, -0.407403, -0.201251, 4.562824, 5.338986, 2.285519
0.567585, -0.402064, -0.198966, 4.503661, 5.380896, 2.306258
0.572089, -0.396683, -0.196660, 4.444016, 5.422254, 2.326762
0.576533, -0.391261, -0.194333, 4.383893, 5.463055, 2.347027
0.580917, -0.385798, -0.191986, 4.323301, 5.503296, 2.367052
0.585240, -0.380295, -0.189619, 4.262243, 5.542972, 2.386835
0.589502, -0.374752, -0.187232, 4.200727, 5.582078, 2.406373
0.593703, -0.369170, -0.184825, 4.138759, 5.620610, 2.425664
0.597842, -0.363549, -0.182400, 4.076346, 5.658564, 2.444707
0.601918, -0.357891, -0.179955, 4.013492, 5.695936, 2.463498
0.605931, -0.352195, -0.177492, 3.950206, 5.732721, 2.482036
0.609882, -0.346462, -0.175010, 3.886492, 5.768915, 2.500319
0.613768, -0.340693, -0.172509, 3.822359, 5.804515, 2.518345
0.617591, -0.334888, -0.169991, 3.757812, 5.839515, 2.536111
0.621348, -0.329049, -0.167455, 3.692857, 5.873914, 2.553617
0.625041, -0.323175, -0.164901, 3.627502, 5.907705, 2.570859
0.628669, -0.317267, -0.162330, 3.561753, 5.940886, 2.587836
0.632230, -0.311326, -0.159743, 3.495618, 5.973453, 2.604546
0.635726, -0.305353, -0.157138, 3.429101, 6.005402, 2.620988
0.639155, -0.299348, -0.154517, 3.362211, 6.036730, 2.637158
0.642517, -0.293311, -0.151880, 3.294955, 6.067433, 2.653057
0.645812, -0.287243, -0.149227, 3.227339, 6.097507, 2.668681
0.649040, -0.281146, -0.146558, 3.159370, 6.126949, 2.684029
0.652199, -0.275019, -0.143874, 3.091055, 6.155756, 2.699099
0.655290, -0.268863, -0.141175, 3.022401, 6.183925, 2.713889
0.658313, -0.262679, -0.138461, 2.953416, 6.211451, 2.728399
0.661266, -0.256468, -0.135733, 2.884106, 6.238333, 2.742626
0.664150, -0.250230, -0.132990, 2.814479, 6.264566, 2.756568
0.666965, -0.243965, -0.130233, 2.744541, 6.290148, 2.770224
0.669709, -0.237675, -0.127463, 2.674301, 6.315076, 2.783593
0.672383, -0.231360, -0.124680, 2.603764, 6.339347, 2.796672
0.674987, -0.225020, -0.121883, 2.532940, 6.362957, 2.809461
0.677520, -0.218657, -0.119074, 2.461834, 6.385905, 2.821958
0.679982, -0.212272, -0.116252, 2.390455, 6.408188, 2.834161
0.682372, -0.205863, -0.113417, 2.318810, 6.429803, 2.846069
0.684691, -0.199434, -0.110571, 2.246905, 6.450746, 2.857681
0.686938, -0.192983, -0.107714, 2.174750, 6.471017, 2.868995
0.689113, -0.186512, -0.104845, 2.102351, 6.490612, 2.880010
0.691215, -0.180021, -0.101965, 2.029716, 6.509530, 2.890725
0.693245, -0.173512, -0.099074, 1.956852, 6.527767, 2.901138
0.695202, -0.166984, -0.096173, 1.883767, 6.545321, 2.911249
0.697086, -0.160439, -0.093262, 1.810469, 6.562191, 2.921055
0.698896, -0.153876, -0.090340, 1.736966, 6.578374, 2.930556
0.700633, -0.147298, -0.087410, 1.663264, 6.593869, 2.939751
0.702296, -0.140704, -0.084470, 1.589373, 6.608673, 2.948638
0.703886, -0.134095, -0.081522, 1.515299, 6.622785, 2.957217
0.705401, -0.127473, -0.078564, 1.441050, 6.636202, 2.965487
0.706842, -0.120836, -0.075599, 1.366635, 6.648924, 2.973446
0.708209, -0.114188, -0.072625, 1.292061, 6.660948, 2.981093
0.709501, -0.107527, -0.069644, 1.217336, 6.672272, 2.988428
0.710718, -0.100854, -0.066656, 1.142467, 6.682897, 2.995450
0.711860, -0.094171, -0.063660, 1.067464, 6.692819, 3.002157
0.712928, -0.087479, -0.060658, 0.992333, 6.702038, 3.008550
0.713920, -0.080777, -0.057650, 0.917083, 6.710552, 3.014626
0.714837, -0.074066, -0.054635, 0.841721, 6.718360, 3.020386
0.715679, -0.067348, -0.051615, 0.766256, 6.725462, 3.025829
0.716445, -0.060622, -0.048589, 0.690695, 6.731855, 3.030953
0.717136, -0.053890, -0.045558, 0.615048, 6.737540, 3.035759
0.717751, -0.047153, -0.042522, 0.539320, 6.742515, 3.040245
0.718290, -0.040410, -0.039482, 0.463522, 6.746779, 3.044412
0.718754, -0.033663, -0.036437, 0.387660, 6.750332, 3.048257
0.719142, -0.026913, -0.033389, 0.311744, 6.753173, 3.051782
0.719453, -0.020160, -0.030337, 0.235780, 6.755302, 3.054985
0.719689, -0.013405, -0.027282, 0.159777, 6.756717, 3.057867
0.719849, -0.006648, -0.024225, 0.083744, 6.757420, 3.060425
0.719933, 0.000109, -0.021164, 0.007687, 6.757408, 3.062661
0.719940, 0.006867, -0.018102, -0.068384, 6.756682, 3.064574
0.719872, 0.013624, -0.015037, -0.144461, 6.755243, 3.066163
0.719727, 0.020379, -0.011971, -0.220536, 6.753089, 3.067428
0.719507, 0.027132, -0.008903, -0.296602, 6.750220, 3.068369
0.719210, 0.033882, -0.005835, -0.372649, 6.746638, 3.068986
0.718838, 0.040629, -0.002766, -0.448671, 6.742341, 3.069279
0.718389, 0.047371, 0.000303, -0.524658, 6.737330, 3.069247
0.717864, 0.054108, 0.003373, -0.600602, 6.731606, 3.068890
0.717264, 0.060840, 0.006441, -0.676496, 6.725169, 3.068209
0.716587, 0.067565, 0.009510, -0.752331, 6.718018, 3.067202
0.715835, 0.074283, 0.012577, -0.828099, 6.710156, 3.065871
0.715007, 0.080993, 0.015643, -0.903792, 6.701582, 3.064215
0.714103, 0.087695, 0.018707, -0.979402, 6.692296, 3.062234
0.713124, 0.094387, 0.021769, -1.054920, 6.682301, 3.059929
0.712069, 0.101070, 0.024829, -1.130338, 6.671596, 3.057299
0.710938, 0.107741, 0.027886, -1.205649, 6.660183, 3.054345
0.709733, 0.114401, 0.030941, -1.280844, 6.648062, 3.051067
0.708452, 0.121049, 0.033992, -1.355914, 6.635236, 3.047465
0.707096, 0.127685, 0.037039, -1.430853, 6.621703, 3.043540
0.705665, 0.134306, 0.040083, -1.505651, 6.607467, 3.039291
0.704159, 0.140914, 0.043122, -1.580301, 6.592529, 3.034720
0.702579, 0.147506, 0.046157, -1.654794, 6.576889, 3.029826
0.700924, 0.154083, 0.049187, -1.729123, 6.560549, 3.024610
0.699195, 0.160644, 0.052211, -1.803280, 6.543511, 3.019072
0.697392, 0.167187, 0.055230, -1.877255, 6.525777, 3.013214
0.695515, 0.173713, 0.058244, -1.951042, 6.507348, 3.007035
0.693564, 0.180220, 0.061251, -2.024633, 6.488226, 3.000536
0.691539, 0.186709, 0.064251, -2.098018, 6.468412, 2.993717
0.689441, 0.193177, 0.067245, -2.171191, 6.447910, 2.986580
0.687270, 0.199625, 0.070231, -2.244144, 6.426720, 2.979125
0.685026, 0.206052, 0.073211, -2.316868, 6.404845, 2.971353
0.682709, 0.212457, 0.076182, -2.389355, 6.382287, 2.963265
0.680319, 0.218839, 0.079145, -2.461598, 6.359049, 2.954860
0.677858, 0.225198, 0.082100, -2.533589, 6.335132, 2.946141
0.675324, 0.231533, 0.085046, -2.605319, 6.310539, 2.937108
0.672719, 0.237844, 0.087983, -2.676782, 6.285273, 2.927761
0.670042, 0.244129, 0.090911, -2.747969, 6.259336, 2.918102
0.667294, 0.250388, 0.093829, -2.818873, 6.232731, 2.908133
0.664475, 0.256621, 0.096737, -2.889485, 6.205461, 2.897853
0.661586, 0.262826, 0.099635, -2.959798, 6.177528, 2.887263
0.658626, 0.269004, 0.102522, -3.029805, 6.148935, 2.876366
0.655596, 0.275153, 0.105399, -3.099498, 6.119685, 2.865162
0.652497, 0.281272, 0.108264, -3.168868, 6.089781, 2.853652
0.649328, 0.287362, 0.111118, -3.237909, 6.059227, 2.841837
0.646090, 0.293421, 0.113959, -3.306614, 6.028025, 2.829718
0.642783, 0.299450, 0.116789, -3.374973, 5.996178, 2.817298
0.639408, 0.305446, 0.119606, -3.442981, 5.963691, 2.804577
0.635965, 0.311409, 0.122411, -3.510629, 5.930566, 2.791556
0.632455, 0.317340, 0.125203, -3.577910, 5.896807, 2.778236
0.628877, 0.323237, 0.127981, -3.644818, 5.862418, 2.764620
0.625232, 0.329099, 0.130745, -3.711343, 5.827401, 2.750709
0.621521, 0.334927, 0.133496, -3.777480, 5.791761, 2.736503
0.617743, 0.340718, 0.136233, -3.843220, 5.755502, 2.722006
0.613900, 0.346474, 0.138955, -3.908558, 5.718626, 2.707217
0.609991, 0.352192, 0.141662, -3.973484, 5.681139, 2.692138
0.606018, 0.357874, 0.144354, -4.037994, 5.643045, 2.676772
0.601980, 0.363517, 0.147031, -4.102078, 5.604346, 2.661120
0.597878, 0.369121, 0.149692, -4.165731, 5.565048, 2.645183
0.593712, 0.374686, 0.152337, -4.228945, 5.525154, 2.628963
0.589483, 0.380211, 0.154966, -4.291714, 5.484669, 2.612462
0.585191, 0.385696, 0.157578, -4.354030, 5.443596, 2.595682
0.580837, 0.391139, 0.160174, -4.415887, 5.401942, 2.578624
0.576422, 0.396541, 0.162753, -4.477278, 5.359709, 2.561290
0.571944, 0.401901, 0.165314, -4.538196, 5.316902, 2.543683
0.567406, 0.407218, 0.167858, -4.598634, 5.273527, 2.525803
0.562807, 0.412492, 0.170384, -4.658586, 5.229586, 2.507653
0.558149, 0.417721, 0.172891, -4.718046, 5.185087, 2.489235
0.553431, 0.422906, 0.175380, -4.777006, 5.140032, 2.470551
0.548654, 0.428046, 0.177851, -4.835460, 5.094427, 2.451602
0.543818, 0.433141, 0.180303, -4.893403, 5.048277, 2.432392
0.538925, 0.438189, 0.182735, -4.950827, 5.001587, 2.412921
0.533974, 0.443191, 0.185148, -5.007726, 4.954362, 2.393192
0.528966, 0.448145, 0.187541, -5.064094, 4.906606, 2.373207
0.523902, 0.453051, 0.189914, -5.119925, 4.858326, 2.352968
0.518782, 0.457910, 0.192267, -5.175212, 4.809526, 2.332478
0.513607, 0.462719, 0.194600, -5.229950, 4.760211, 2.311738
0.508377, 0.467480, 0.196911, -5.284133, 4.710387, 2.290751
0.503093, 0.472190, 0.199202, -5.337754, 4.660059, 2.269520
0.497755, 0.476850, 0.201472, -5.390809, 4.609233, 2.248046
0.492364, 0.481459, 0.203720, -5.443290, 4.557914, 2.226331
0.486921, 0.486017, 0.205946, -5.495192, 4.506108, 2.204379
0.481426, 0.490523, 0.208151, -5.546510, 4.453821, 2.182191
0.475879, 0.494977, 0.210333, -5.597238, 4.401057, 2.159769
0.470282, 0.499378, 0.212492, -5.647371, 4.347823, 2.137118
0.464635, 0.503726, 0.214630, -5.696902, 4.294124, 2.114238
0.458938, 0.508020, 0.216744, -5.745827, 4.239967, 2.091132
0.453192, 0.512260, 0.218835, -5.794140, 4.185357, 2.067803
0.447398, 0.516445, 0.220903, -5.841836, 4.130300, 2.044253
0.441556, 0.520576, 0.222947, -5.888909, 4.074803, 2.020485
0.435667, 0.524651, 0.224967, -5.935355, 4.018870, 1.996501
0.429732, 0.528669, 0.226964, -5.981169, 3.962509, 1.972305
0.423751, 0.532632, 0.228936, -6.026345, 3.905725, 1.947898
0.417724, 0.536538, 0.230884, -6.070878, 3.848525, 1.923283
0.411654, 0.540386, 0.232807, -6.114765, 3.790915, 1.898464
0.405539, 0.544177, 0.234706, -6.157999, 3.732900, 1.873442
0.399381, 0.547910, 0.236579, -6.200576, 3.674488, 1.848220
0.393180, 0.551584, 0.238428, -6.242492, 3.615685, 1.822802
0.386938, 0.555200, 0.240250, -6.283743, 3.556497, 1.797190
0.380654, 0.558757, 0.242048, -6.324322, 3.496930, 1.771386
0.374330, 0.562254, 0.243819, -6.364227, 3.436992, 1.745394
0.367965, 0.565691, 0.245564, -6.403453, 3.376688, 1.719217
0.361562, 0.569067, 0.247284, -6.441995, 3.316026, 1.692856
0.355120, 0.572383, 0.248976, -6.479850, 3.255011, 1.666316
0.348640, 0.575638, 0.250643, -6.517014, 3.193651, 1.639599
0.342123, 0.578832, 0.252282, -6.553481, 3.131953, 1.612708
0.335570, 0.581964, 0.253895, -6.589249, 3.069922, 1.585645
0.328980, 0.585034, 0.255481, -6.624314, 3.007565, 1.558415
0.322356, 0.588041, 0.257039, -6.658671, 2.944891, 1.531019
0.315697, 0.590986, 0.258570, -6.692318, 2.881904, 1.503461
0.309005, 0.593868, 0.260074, -6.725250, 2.818613, 1.475744
0.302280, 0.596687, 0.261549, -6.757464, 2.755024, 1.447870
0.295522, 0.599442, 0.262997, -6.788956, 2.691144, 1.419844
0.288733, 0.602133, 0.264417, -6.819724, 2.626980, 1.391667
0.281914, 0.604760, 0.265809, -6.849763, 2.562540, 1.363344
0.275064, 0.607322, 0.267172, -6.879072, 2.497829, 1.334876
0.268185, 0.609820, 0.268507, -6.907646, 2.432855, 1.306268
0.261277, 0.612253, 0.269813, -6.935482, 2.367626, 1.277522
0.254342, 0.614621, 0.271091, -6.962578, 2.302148, 1.248642
0.247379, 0.616923, 0.272339, -6.988931, 2.236429, 1.219630
0.240390, 0.619159, 0.273559, -7.014537, 2.170475, 1.190490
0.233376, 0.621330, 0.274750, -7.039395, 2.104294, 1.161225
0.226336, 0.623434, 0.275911, -7.063502, 2.037894, 1.131839
0.219273, 0.625472, 0.277043, -7.086855, 1.971280, 1.102333
0.212186, 0.627443, 0.278145, -7.109451, 1.904461, 1.072713
0.205076, 0.629348, 0.279218, -7.131289, 1.837444, 1.042980
0.197945, 0.631185, 0.280261, -7.152366, 1.770237, 1.013138
0.190793, 0.632955, 0.281274, -7.172680, 1.702846, 0.983191
0.183620, 0.634658, 0.282257, -7.192228, 1.635278, 0.953141
0.176428, 0.636294, 0.283210, -7.211010, 1.567542, 0.922992
0.169217, 0.637861, 0.284133, -7.229022, 1.499645, 0.892747
0.161988, 0.639361, 0.285026, -7.246264, 1.431593, 0.862410
0.154742, 0.640792, 0.285888, -7.262733, 1.363395, 0.831984
0.147479, 0.642156, 0.286720, -7.278427, 1.295058, 0.801472
0.140200, 0.643451, 0.287522, -7.293346, 1.226589, 0.770877
0.132907, 0.644677, 0.288293, -7.307487, 1.157996, 0.740202
0.125600, 0.645835, 0.289033, -7.320849, 1.089286, 0.709452
0.118279, 0.646925, 0.289742, -7.333432, 1.020466, 0.678630
0.110945, 0.647945, 0.290421, -7.345233, 0.951545, 0.647738
0.103600, 0.648897, 0.291069, -7.356252, 0.882530, 0.616781
0.096244, 0.649779, 0.291685, -7.366487, 0.813427, 0.585760
0.088877, 0.650593, 0.292271, -7.375938, 0.744245, 0.554681
0.081501, 0.651337, 0.292826, -7.384604, 0.674991, 0.523546
0.074117, 0.652012, 0.293349, -7.392483, 0.605673, 0.492359
0.066724, 0.652618, 0.293842, -7.399576, 0.536298, 0.461123
0.059325, 0.653154, 0.294303, -7.405882, 0.466874, 0.429841
0.051919, 0.653621, 0.294733, -7.411400, 0.397408, 0.398518
0.044507, 0.654018, 0.295131, -7.416129, 0.327908, 0.367155
0.037091, 0.654346, 0.295498, -7.420071, 0.258380, 0.335757
0.029671, 0.654604, 0.295834, -7.423223, 0.188834, 0.304327
0.022248, 0.654793, 0.296138, -7.425586, 0.119276, 0.272868
0.014822, 0.654913, 0.296411, -7.427161, 0.049714, 0.241385
0.007395, 0.654962, 0.296653, -7.427946, -0.019845, 0.209879
-0.000033, 0.654942, 0.296863, -7.427943, -0.089393, 0.178356
-0.007461, 0.654853, 0.297041, -7.427150, -0.158923, 0.146817
-0.014888, 0.654694, 0.297188, -7.425570, -0.228427, 0.115267
-0.022313, 0.654466, 0.297303, -7.423201, -0.297898, 0.083708
-0.029737, 0.654168, 0.297387, -7.420045, -0.367328, 0.052145
-0.037157, 0.653800, 0.297439, -7.416102, -0.436709, 0.020581
-0.044573, 0.653364, 0.297459, -7.411373, -0.506035, -0.010981
-0.051984, 0.652858, 0.297448, -7.405858, -0.575297, -0.042538
-0.059390, 0.652282, 0.297406, -7.399558, -0.644489, -0.074085
-0.066789, 0.651638, 0.297332, -7.392474, -0.713603, -0.105621
-0.074182, 0.650924, 0.297226, -7.384607, -0.782631, -0.137141
-0.081567, 0.650142, 0.297089, -7.375959, -0.851566, -0.168641
-0.088942, 0.649290, 0.296920, -7.366530, -0.920401, -0.200119
-0.096309, 0.648370, 0.296720, -7.356321, -0.989128, -0.231572
-0.103665, 0.647381, 0.296489, -7.345334, -1.057740, -0.262995
-0.111011, 0.646323, 0.296226, -7.333570, -1.126229, -0.294385
-0.118344, 0.645197, 0.295931, -7.321032, -1.194589, -0.325740
-0.125665, 0.644002, 0.295606, -7.307719, -1.262812, -0.357055
-0.132973, 0.642739, 0.295249, -7.293635, -1.330890, -0.388327
-0.140267, 0.641408, 0.294860, -7.278780, -1.398817, -0.419554
-0.147545, 0.640009, 0.294441, -7.263157, -1.466585, -0.450731
-0.154809, 0.638543, 0.293990, -7.246768, -1.534187, -0.481855
-0.162055, 0.637009, 0.293508, -7.229614, -1.601615, -0.512924
-0.169285, 0.635407, 0.292995, -7.211698, -1.668863, -0.543933
-0.176497, 0.633738, 0.292451, -7.193021, -1.735924, -0.574879
-0.183690, 0.632002, 0.291876, -7.173587, -1.802789, -0.605759
-0.190863, 0.630200, 0.291271, -7.153397, -1.869453, -0.636571
-0.198017, 0.628330, 0.290634, -7.132454, -1.935908, -0.667309
-0.205149, 0.626394, 0.289967, -7.110760, -2.002147, -0.697972
-0.212260, 0.624392, 0.289269, -7.088318, -2.068162, -0.728556
-0.219348, 0.622324, 0.288540, -7.065131, -2.133948, -0.759058
-0.226413, 0.620190, 0.287781, -7.041201, -2.199497, -0.789474
-0.233455, 0.617990, 0.286992, -7.016531, -2.264802, -0.819801
-0.240471, 0.615726, 0.286172, -6.991124, -2.329856, -0.850036
-0.247462, 0.613396, 0.285322, -6.964984, -2.394653, -0.880176
-0.254427, 0.611001, 0.284442, -6.938112, -2.459185, -0.910218
-0.261365, 0.608542, 0.283531, -6.910512, -2.523446, -0.940159
-0.268276, 0.606018, 0.282591, -6.882188, -2.587429, -0.969994
-0.275158, 0.603431, 0.281621, -6.853142, -2.651127, -0.999722
-0.282011, 0.600780, 0.280622, -6.823379, -2.714533, -1.029339
-0.288834, 0.598065, 0.279592, -6.792901, -2.777642, -1.058842
-0.295627, 0.595288, 0.278533, -6.761711, -2.840445, -1.088228
-0.302389, 0.592447, 0.277445, -6.729815, -2.902938, -1.117493
-0.309119, 0.589544, 0.276328, -6.697215, -2.965112, -1.146635
-0.315816, 0.586579, 0.275181, -6.663914, -3.026962, -1.175651
-0.322480, 0.583552, 0.274005, -6.629918, -3.088482, -1.204537
-0.329110, 0.580464, 0.272801, -6.595229, -3.149664, -1.233291
-0.335705, 0.577314, 0.271568, -6.559852, -3.210502, -1.261909
-0.342265, 0.574104, 0.270306, -6.523790, -3.270991, -1.290389
-0.348789, 0.570833, 0.269015, -6.487048, -3.331123, -1.318727
-0.355276, 0.567502, 0.267697, -6.449630, -3.390892, -1.346921
-0.361726, 0.564111, 0.266350, -6.411541, -3.450293, -1.374968
-0.368137, 0.560660, 0.264975, -6.372783, -3.509320, -1.402864
-0.374510, 0.557151, 0.263572, -6.333363, -3.567965, -1.430608
-0.380843, 0.553583, 0.262141, -6.293283, -3.626223, -1.458195
-0.387136, 0.549957, 0.260683, -6.252550, -3.684088, -1.485623
-0.393389, 0.546273, 0.259197, -6.211167, -3.741554, -1.512890
-0.399600, 0.542531, 0.257684, -6.169139, -3.798614, -1.539992
-0.405769, 0.538733, 0.256144, -6.126471, -3.855264, -1.566927
-0.411896, 0.534877, 0.254578, -6.083167, -3.911498, -1.593691
-0.417979, 0.530966, 0.252984, -6.039232, -3.967309, -1.620283
-0.424018, 0.526998, 0.251364, -5.994672, -4.022691, -1.646699
-0.430013, 0.522976, 0.249717, -5.949491, -4.077640, -1.672936
-0.435962, 0.518898, 0.248044, -5.903694, -4.132149, -1.698993
-0.441866, 0.514766, 0.246345, -5.857286, -4.186213, -1.724865
-0.447723, 0.510580, 0.244620, -5.810273, -4.239826, -1.750552
-0.453534, 0.506340, 0.242870, -5.762660, -4.292983, -1.776049
-0.459296, 0.502047, 0.241093, -5.714451, -4.345679, -1.801354
-0.465011, 0.497701, 0.239292, -5.665653, -4.397907, -1.826466
-0.470676, 0.493303, 0.237466, -5.616271, -4.449664, -1.851380
-0.476293, 0.488854, 0.235614, -5.566310, -4.500943, -1.876095
-0.481859, 0.484353, 0.233738, -5.515775, -4.551739, -1.900608
-0.487375, 0.479801, 0.231838, -5.464672, -4.602047, -1.924917
-0.492839, 0.475199, 0.229913, -5.413008, -4.651863, -1.949019
-0.498252, 0.470547, 0.227964, -5.360786, -4.701180, -1.972911
-0.503613, 0.465846, 0.225991, -5.308014, -4.749995, -1.996592
-0.508921, 0.461096, 0.223994, -5.254697, -4.798301, -2.020059
-0.514176, 0.456298, 0.221974, -5.200841, -4.846095, -2.043309
-0.519377, 0.451452, 0.219931, -5.146452, -4.893372, -2.066340
-0.524523, 0.446558, 0.217864, -5.091535, -4.940126, -2.089151
-0.529615, 0.441618, 0.215775, -5.036097, -4.986353, -2.111737
-0.534651, 0.436632, 0.213664, -4.980143, -5.032048, -2.134098
-0.539631, 0.431600, 0.211529, -4.923680, -5.077207, -2.156231
-0.544555, 0.426522, 0.209373, -4.866714, -5.121826, -2.178133
-0.549421, 0.421401, 0.207195, -4.809251, -5.165899, -2.199803
-0.554231, 0.416235, 0.204995, -4.751298, -5.209423, -2.221239
-0.558982, 0.411025, 0.202774, -4.692860, -5.252393, -2.242438
-0.563675, 0.405773, 0.200532, -4.633944, -5.294805, -2.263398
-0.568309, 0.400478, 0.198268, -4.574556, -5.336655, -2.284116
-0.572883, 0.395141, 0.195984, -4.514703, -5.377938, -2.304592
-0.577398, 0.389764, 0.193679, -4.454391, -5.418651, -2.324823
-0.581852, 0.384345, 0.191355, -4.393626, -5.458789, -2.344807
-0.586246, 0.378886, 0.189010, -4.332416, -5.498349, -2.364541
-0.590578, 0.373388, 0.186645, -4.270766, -5.537326, -2.384025
-0.594849, 0.367850, 0.184261, -4.208684, -5.575717, -2.403256
-0.599058, 0.362275, 0.181858, -4.146176, -5.613519, -2.422231
-0.603204, 0.356661, 0.179436, -4.083249, -5.650726, -2.440951
-0.607287, 0.351010, 0.176995, -4.019908, -5.687337, -2.459411
-0.611307, 0.345323, 0.174535, -3.956163, -5.723346, -2.477611
-0.615263, 0.339600, 0.172058, -3.892018, -5.758752, -2.495549
-0.619155, 0.333841, 0.169562, -3.827481, -5.793549, -2.513223
-0.622983, 0.328047, 0.167049, -3.762559, -5.827735, -2.530632
-0.626745, 0.322220, 0.164518, -3.697258, -5.861307, -2.547773
-0.630443, 0.316358, 0.161971, -3.631587, -5.894262, -2.564645
-0.634074, 0.310464, 0.159406, -3.565550, -5.926595, -2.581247
-0.637640, 0.304538, 0.156825, -3.499157, -5.958305, -2.597576
-0.641139, 0.298579, 0.154227, -3.432413, -5.989388, -2.613631
-0.644571, 0.292590, 0.151614, -3.365325, -6.019841, -2.629411
-0.647937, 0.286570, 0.148984, -3.297902, -6.049661, -2.644914
-0.651235, 0.280520, 0.146339, -3.230149, -6.078845, -2.660139
-0.654465, 0.274442, 0.143679, -3.162075, -6.107392, -2.675084
-0.657627, 0.268334, 0.141004, -3.093686, -6.135297, -2.689747
-0.660721, 0.262199, 0.138314, -3.024989, -6.162558, -2.704128
-0.663746, 0.256036, 0.135610, -2.955992, -6.189173, -2.718225
-0.666702, 0.249847, 0.132892, -2.886702, -6.215140, -2.732036
-0.669588, 0.243632, 0.130160, -2.817127, -6.240455, -2.745561
-0.672405, 0.237392, 0.127414, -2.747273, -6.265117, -2.758798
-0.675153, 0.231126, 0.124655, -2.677148, -6.289123, -2.771745
-0.677830, 0.224837, 0.121884, -2.606759, -6.312471, -2.784402
-0.680437, 0.218525, 0.119099, -2.536114, -6.335159, -2.796767
-0.682973, 0.212190, 0.116303, -2.465221, -6.357184, -2.808840
-0.685438, 0.205832, 0.113494, -2.394085, -6.378546, -2.820618
-0.687832, 0.199454, 0.110673, -2.322716, -6.399241, -2.832102
-0.690155, 0.193055, 0.107841, -2.251119, -6.419269, -2.843289
-0.692406, 0.186635, 0.104998, -2.179304, -6.438626, -2.854179
-0.694585, 0.180197, 0.102144, -2.107277, -6.457312, -2.864771
-0.696692, 0.173739, 0.099279, -2.035046, -6.475325, -2.875064
-0.698727, 0.167264, 0.096404, -1.962618, -6.492663, -2.885057
-0.700690, 0.160771, 0.093519, -1.890001, -6.509325, -2.894749
-0.702580, 0.154262, 0.090624, -1.817203, -6.525309, -2.904139
-0.704397, 0.147737, 0.087720, -1.744230, -6.540614, -2.913226
-0.706141, 0.141196, 0.084807, -1.671091, -6.555238, -2.922010
-0.707813, 0.134641, 0.081885, -1.597794, -6.569181, -2.930490
-0.709410, 0.128072, 0.078954, -1.524344, -6.582441, -2.938665
-0.710935, 0.121489, 0.076015, -1.450751, -6.595017, -2.946533
-0.712385, 0.114894, 0.073069, -1.377023, -6.606908, -2.954096
-0.713762, 0.108287, 0.070115, -1.303165, -6.618113, -2.961351
-0.715066, 0.101669, 0.067153, -1.229187, -6.628632, -2.968298
-0.716295, 0.095041, 0.064185, -1.155095, -6.638462, -2.974937
-0.717450, 0.088402, 0.061210, -1.080898, -6.647605, -2.981268
-0.718531, 0.081755, 0.058229, -1.006603, -6.656058, -2.987288
-0.719537, 0.075099, 0.055242, -0.932218, -6.663822, -2.992999
-0.720470, 0.068435, 0.052249, -0.857750, -6.670895, -2.998400
-0.721327, 0.061764, 0.049250, -0.783207, -6.677278, -3.003489
-0.722111, 0.055087, 0.046247, -0.708596, -6.682970, -3.008268
-0.722819, 0.048404, 0.043238, -0.633926, -6.687970, -3.012734
-0.723453, 0.041716, 0.040226, -0.559204, -6.692279, -3.016889
-0.724012, 0.035023, 0.037209, -0.484437, -6.695895, -3.020732
-0.724497, 0.028327, 0.034188, -0.409634, -6.698820, -3.024261
-0.724906, 0.021629, 0.031164, -0.334801, -6.701053, -3.027478
-0.725241, 0.014928, 0.028136, -0.259947, -6.702594, -3.030382
-0.725501, 0.008225, 0.025106, -0.185079, -6.703442, -3.032973
-0.725686, 0.001522, 0.022073, -0.110205, -6.703599, -3.035251
-0.725796, -0.005182, 0.019038, -0.035333, -6.703065, -3.037215
-0.725832, -0.011885, 0.016001, 0.039531, -6.701839, -3.038865
-0.725792, -0.018587, 0.012962, 0.114377, -6.699922, -3.040202
-0.725678, -0.025287, 0.009921, 0.189200, -6.697315, -3.041225
-0.725489, -0.031984, 0.006880, 0.263990, -6.694018, -3.041934
-0.725225, -0.038678, 0.003838, 0.338741, -6.690031, -3.042330
-0.724886, -0.045368, 0.000796, 0.413445, -6.685355, -3.042412
-0.724472, -0.052054, -0.002246, 0.488095, -6.679992, -3.042180
-0.723984, -0.058734, -0.005289, 0.562681, -6.673941, -3.041635
-0.723422, -0.065408, -0.008330, 0.637199, -6.667204, -3.040777
-0.722784, -0.072075, -0.011371, 0.711638, -6.659781, -3.039606
-0.722073, -0.078735, -0.014411, 0.785993, -6.651673, -3.038122
-0.721287, -0.085386, -0.017449, 0.860255, -6.642882, -3.036326
-0.720427, -0.092029, -0.020485, 0.934418, -6.633408, -3.034217
-0.719492, -0.098662, -0.023519, 1.008473, -6.623253, -3.031796
-0.718484, -0.105286, -0.026551, 1.082413, -6.612418, -3.029064
-0.717401, -0.111898, -0.029580, 1.156230, -6.600904, -3.026020
-0.716245, -0.118499, -0.032606, 1.229918, -6.588713, -3.022665
-0.715015, -0.125088, -0.035629, 1.303469, -6.575846, -3.019000
-0.713712, -0.131664, -0.038648, 1.376874, -6.562304, -3.015026
-0.712335, -0.138226, -0.041663, 1.450128, -6.548089, -3.010741
-0.710885, -0.144774, -0.044674, 1.523222, -6.533203, -3.006148
-0.709361, -0.151307, -0.047680, 1.596150, -6.517648, -3.001246
-0.707765, -0.157825, -0.050681, 1.668903, -6.501425, -2.996036
-0.706096, -0.164326, -0.053677, 1.741475, -6.484535, -2.990519
-0.704355, -0.170811, -0.056668, 1.813858, -6.466982, -2.984696
-0.702541, -0.177278, -0.059652, 1.886045, -6.448766, -2.978566
-0.700655, -0.183727, -0.062631, 1.958029, -6.429891, -2.972132
-0.698697, -0.190156, -0.065603, 2.029803, -6.410357, -2.965393
-0.696667, -0.196567, -0.068568, 2.101358, -6.390167, -2.958350
-0.694566, -0.202957, -0.071527, 2.172689, -6.369324, -2.951004
-0.692393, -0.209326, -0.074478, 2.243788, -6.347829, -2.943357
-0.690149, -0.215674, -0.077421, 2.314648, -6.325685, -2.935408
-0.687835, -0.222000, -0.080356, 2.385261, -6.302895, -2.927158
-0.685449, -0.228303, -0.083284, 2.455621, -6.279460, -2.918609
-0.682994, -0.234582, -0.086202, 2.525721, -6.255383, -2.909762
-0.680468, -0.240838, -0.089112, 2.595554, -6.230667, -2.900617
-0.677873, -0.247068, -0.092013, 2.665112, -6.205315, -2.891175
-0.675207, -0.253274, -0.094904, 2.734389, -6.179329, -2.881438
-0.672473, -0.259453, -0.097785, 2.803378, -6.152712, -2.871406
-0.669670, -0.265606, -0.100657, 2.872071, -6.125467, -2.861081
-0.666798, -0.271731, -0.103518, 2.940463, -6.097596, -2.850463
-0.663857, -0.277829, -0.106368, 3.008546, -6.069103, -2.839555
-0.660849, -0.283898, -0.109208, 3.076313, -6.039990, -2.828356
-0.657772, -0.289938, -0.112036, 3.143758, -6.010261, -2.816868
-0.654629, -0.295948, -0.114853, 3.210874, -5.979919, -2.805093
-0.651418, -0.301928, -0.117658, 3.277654, -5.948967, -2.793031
-0.648140, -0.307877, -0.120451, 3.344092, -5.917408, -2.780684
-0.644796, -0.313794, -0.123232, 3.410181, -5.885245, -2.768053
-0.641386, -0.319680, -0.126000, 3.475914, -5.852482, -2.755140
-0.637910, -0.325532, -0.128755, 3.541286, -5.819123, -2.741946
-0.634369, -0.331351, -0.131497, 3.606288, -5.785170, -2.728472
-0.630762, -0.337136, -0.134225, 3.670915, -5.750627, -2.714719
-0.627091, -0.342887, -0.136940, 3.735161, -5.715498, -2.700689
-0.623356, -0.348602, -0.139641, 3.799019, -5.679787, -2.686384
-0.619557, -0.354282, -0.142327, 3.862482, -5.643496, -2.671805
-0.615695, -0.359926, -0.144999, 3.925545, -5.606631, -2.656954
-0.611769, -0.365532, -0.147656, 3.988201, -5.569194, -2.641831
-0.607781, -0.371102, -0.150298, 4.050444, -5.531189, -2.626439
-0.603730, -0.376633, -0.152924, 4.112267, -5.492621, -2.610779
-0.599618, -0.382125, -0.155535, 4.173666, -5.453493, -2.594853
-0.595445, -0.387579, -0.158130, 4.234632, -5.413810, -2.578663
-0.591210, -0.392993, -0.160708, 4.295161, -5.373575, -2.562209
-0.586915, -0.398366, -0.163271, 4.355246, -5.332792, -2.545494
-0.582560, -0.403699, -0.165816, 4.414882, -5.291466, -2.528520
-0.578145, -0.408990, -0.168345, 4.474062, -5.249601, -2.511288
-0.573671, -0.414240, -0.170856, 4.532780, -5.207201, -2.493800
-0.569138, -0.419447, -0.173350, 4.591031, -5.164271, -2.476057
-0.564547, -0.424612, -0.175826, 4.648810, -5.120814, -2.458063
-0.559898, -0.429732, -0.178284, 4.706109, -5.076836, -2.439817
-0.555192, -0.434809, -0.180724, 4.762924, -5.032340, -2.421323
-0.550429, -0.439842, -0.183145, 4.819248, -4.987332, -2.402582
-0.545610, -0.444829, -0.185548, 4.875077, -4.941815, -2.383596
-0.540735, -0.449771, -0.187931, 4.930405, -4.895795, -2.364367
-0.535804, -0.454666, -0.190296, 4.985226, -4.849276, -2.344897
-0.530819, -0.459516, -0.192641, 5.039534, -4.802263, -2.325188
-0.525779, -0.464318, -0.194966, 5.093325, -4.754760, -2.305242
-0.520686, -0.469073, -0.197271, 5.146593, -4.706772, -2.285060
-0.515539, -0.473780, -0.199556, 5.199332, -4.658305, -2.264646
-0.510340, -0.478438, -0.201821, 5.251538, -4.609362, -2.244000
-0.505089, -0.483047, -0.204065, 5.303205, -4.559950, -2.223126
-0.499785, -0.487607, -0.206288, 5.354328, -4.510073, -2.202025
-0.494431, -0.492117, -0.208490, 5.404902, -4.459735, -2.180699
-0.489026, -0.496577, -0.210670, 5.454922, -4.408943, -2.159150
-0.483571, -0.500986, -0.212830, 5.504383, -4.357701, -2.137382
-0.478067, -0.505344, -0.214967, 5.553280, -4.306014, -2.115395
-0.472514, -0.509650, -0.217082, 5.601608, -4.253888, -2.093192
-0.466912, -0.513904, -0.219176, 5.649362, -4.201327, -2.070775
-0.461263, -0.518105, -0.221246, 5.696538, -4.148338, -2.048147
-0.455566, -0.522253, -0.223295, 5.743131, -4.094925, -2.025310
-0.449823, -0.526348, -0.225320, 5.789136, -4.041093, -2.002266
-0.444034, -0.530389, -0.227322, 5.834548, -3.986849, -1.979017
-0.438199, -0.534376, -0.229301, 5.879364, -3.932197, -1.955566
-0.432320, -0.538308, -0.231257, 5.923578, -3.877144, -1.931915
-0.426396, -0.542185, -0.233189, 5.967186, -3.821694, -1.908066
-0.420429, -0.546007, -0.235097, 6.010184, -3.765853, -1.884022
-0.414419, -0.549773, -0.236981, 6.052567, -3.709627, -1.859786
-0.408366, -0.553483, -0.238840, 6.094332, -3.653021, -1.835359
-0.402272, -0.557136, -0.240676, 6.135473, -3.596041, -1.810745
-0.396137, -0.560732, -0.242487, 6.175988, -3.538693, -1.785945
-0.389961, -0.564270, -0.244273, 6.215871, -3.480982, -1.760962
-0.383745, -0.567751, -0.246033, 6.255119, -3.422914, -1.735798
-0.377490, -0.571174, -0.247769, 6.293728, -3.364496, -1.710457
-0.371196, -0.574539, -0.249480, 6.331693, -3.305733, -1.684940
-0.364864, -0.577844, -0.251165, 6.369012, -3.246630, -1.659251
-0.358495, -0.581091, -0.252824, 6.405680, -3.187194, -1.633391
-0.352090, -0.584278, -0.254457, 6.441694, -3.127430, -1.607364
-0.345648, -0.587406, -0.256065, 6.477050, -3.067345, -1.581171
-0.339171, -0.590473, -0.257646, 6.511744, -3.006945, -1.554816
-0.332659, -0.593480, -0.259201, 6.545773, -2.946235, -1.528302
-0.326113, -0.596426, -0.260729, 6.579134, -2.885222, -1.501630
-0.319534, -0.599311, -0.262231, 6.611823, -2.823912, -1.474803
-0.312922, -0.602135, -0.263705, 6.643836, -2.762311, -1.447825
-0.306278, -0.604898, -0.265153, 6.675171, -2.700425, -1.420697
-0.299603, -0.607598, -0.266574, 6.705824, -2.638260, -1.393424
-0.292897, -0.610236, -0.267967, 6.735792, -2.575822, -1.366006
-0.286162, -0.612812, -0.269333, 6.765073, -2.513119, -1.338448
-0.279397, -0.615325, -0.270672, 6.793662, -2.450155, -1.310751
-0.272603, -0.617775, -0.271983, 6.821558, -2.386938, -1.282919
-0.265781, -0.620162, -0.273265, 6.848757, -2.323473, -1.254954
-0.258933, -0.622486, -0.274520, 6.875256, -2.259767, -1.226859
-0.252057, -0.624746, -0.275747, 6.901054, -2.195826, -1.198637
-0.245156, -0.626941, -0.276946, 6.926146, -2.131657, -1.170291
-0.238230, -0.629073, -0.278116, 6.950531, -2.067267, -1.141824
-0.231280, -0.631140, -0.279258, 6.974206, -2.002660, -1.113238
-0.224305, -0.633143, -0.280371, 6.997168, -1.937845, -1.084536
-0.217308, -0.635081, -0.281456, 7.019415, -1.872827, -1.055721
-0.210289, -0.636954, -0.282512, 7.040945, -1.807614, -1.026797
-0.203248, -0.638761, -0.283538, 7.061756, -1.742210, -0.997765
-0.196186, -0.640504, -0.284536, 7.081845, -1.676624, -0.968629
-0.189104, -0.642180, -0.285505, 7.101210, -1.610862, -0.939392
-0.182003, -0.643791, -0.286444, 7.119850, -1.544929, -0.910056
-0.174883, -0.645336, -0.287354, 7.137761, -1.478834, -0.880626
-0.167745, -0.646815, -0.288235, 7.154943, -1.412582, -0.851102
-0.160591, -0.648227, -0.289086, 7.171393, -1.346180, -0.821489
-0.153419, -0.649574, -0.289907, 7.187110, -1.279635, -0.791790
-0.146232, -0.650853, -0.290699, 7.202092, -1.212953, -0.762007
-0.139030, -0.652066, -0.291461, 7.216338, -1.146141, -0.732143
-0.131814, -0.653212, -0.292193, 7.229845, -1.079206, -0.702202
-0.124584, -0.654291, -0.292896, 7.242612, -1.012155, -0.672186
-0.117341, -0.655304, -0.293568, 7.254638, -0.944994, -0.642099
-0.110087, -0.656249, -0.294210, 7.265922, -0.877729, -0.611943
-0.102821, -0.657126, -0.294822, 7.276462, -0.810369, -0.581722
-0.095544, -0.657937, -0.295403, 7.286256, -0.742919, -0.551437
-0.088258, -0.658680, -0.295955, 7.295305, -0.675386, -0.521094
-0.080963, -0.659355, -0.296476, 7.303607, -0.607777, -0.490694
-0.073659, -0.659963, -0.296967, 7.311161, -0.540099, -0.460241
-0.066348, -0.660503, -0.297427, 7.317965, -0.472359, -0.429737
-0.059030, -0.660975, -0.297857, 7.324020, -0.404563, -0.399186
-0.051706, -0.661380, -0.298256, 7.329324, -0.336719, -0.368591
-0.044376, -0.661717, -0.298624, 7.333876, -0.268832, -0.337955
-0.037043, -0.661985, -0.298962, 7.337677, -0.200911, -0.307280
-0.029705, -0.662186, -0.299270, 7.340725, -0.132961, -0.276571
-0.022364, -0.662319, -0.299546, 7.343020, -0.064990, -0.245830
-0.015021, -0.662384, -0.299792, 7.344562, 0.002995, -0.215060
-0.007677, -0.662381, -0.300007, 7.345350, 0.070988, -0.184264
-0.000331, -0.662310, -0.300191, 7.345384, 0.138982, -0.153446
0.007014, -0.662171, -0.300345, 7.344664, 0.206969, -0.122609
0.014359, -0.661964, -0.300467, 7.343190, 0.274944, -0.091755
0.021702, -0.661689, -0.300559, 7.340961, 0.342899, -0.060888
0.029043, -0.661346, -0.300620, 7.337978, 0.410827, -0.030011
0.036381, -0.660936, -0.300650, 7.334241, 0.478721, 0.000874
0.043715, -0.660457, -0.300649, 7.329749, 0.546575, 0.031762
0.051045, -0.659910, -0.300617, 7.324504, 0.614382, 0.062651
0.058369, -0.659296, -0.300555, 7.318506, 0.682134, 0.093537
0.065688, -0.658614, -0.300461, 7.311755, 0.749825, 0.124418
0.073000, -0.657864, -0.300337, 7.304251, 0.817449, 0.155290
0.080304, -0.657047, -0.300182, 7.295995, 0.884997, 0.186151
0.087600, -0.656162, -0.299995, 7.286988, 0.952464, 0.216996
0.094887, -0.655209, -0.299778, 7.277231, 1.019842, 0.247824
0.102164, -0.654189, -0.299531, 7.266723, 1.087124, 0.278630
0.109431, -0.653102, -0.299252, 7.255467, 1.154305, 0.309412
0.116686, -0.651948, -0.298943, 7.243462, 1.221376, 0.340167
0.123930, -0.650726, -0.298602, 7.230711, 1.288331, 0.370891
0.131160, -0.649438, -0.298232, 7.217213, 1.355164, 0.401582
0.138378, -0.648083, -0.297830, 7.202971, 1.421867, 0.432235
0.145581, -0.646661, -0.297398, 7.187985, 1.488433, 0.462849
0.152769, -0.645173, -0.296935, 7.172257, 1.554856, 0.493420
0.159941, -0.643618, -0.296441, 7.155788, 1.621129, 0.523944
0.167097, -0.641997, -0.295918, 7.138579, 1.687246, 0.554419
0.174235, -0.640309, -0.295363, 7.120633, 1.753198, 0.584842
0.181356, -0.638556, -0.294778, 7.101950, 1.818981, 0.615209
0.188458, -0.636737, -0.294163, 7.082532, 1.884586, 0.645518
0.195540, -0.634853, -0.293518, 7.062382, 1.950008, 0.675765
0.202603, -0.632903, -0.292842, 7.041501, 2.015239, 0.705947
0.209644, -0.630887, -0.292136, 7.019890, 2.080272, 0.736061
0.216664, -0.628807, -0.291400, 6.997552, 2.145102, 0.766104
0.223662, -0.626662, -0.290634, 6.974489, 2.209721, 0.796074
0.230636, -0.624452, -0.289838, 6.950702, 2.274123, 0.825966
0.237587, -0.622178, -0.289012, 6.926195, 2.338301, 0.855777
0.244513, -0.619840, -0.288156, 6.900969, 2.402249, 0.885506
0.251414, -0.617438, -0.287270, 6.875027, 2.465959, 0.915148
0.258289, -0.614972, -0.286355, 6.848371, 2.529425, 0.944700
0.265137, -0.612442, -0.285410, 6.821003, 2.592642, 0.974160
0.271958, -0.609850, -0.284436, 6.792927, 2.655601, 1.003525
0.278751, -0.607194, -0.283433, 6.764144, 2.718297, 1.032791
0.285516, -0.604476, -0.282400, 6.734658, 2.780724, 1.061955
0.292250, -0.601695, -0.281338, 6.704471, 2.842874, 1.091015
0.298955, -0.598852, -0.280247, 6.673586, 2.904741, 1.119967
0.305628, -0.595947, -0.279127, 6.642007, 2.966319, 1.148809
0.312270, -0.592981, -0.277978, 6.609735, 3.027601, 1.177537
0.318880, -0.589953, -0.276801, 6.576774, 3.088582, 1.206148
0.325457, -0.586865, -0.275595, 6.543127, 3.149254, 1.234640
0.332000, -0.583716, -0.274360, 6.508797, 3.209611, 1.263009
0.338509, -0.580506, -0.273097, 6.473789, 3.269647, 1.291253
0.344982, -0.577236, -0.271806, 6.438104, 3.329356, 1.319369
0.351421, -0.573907, -0.270486, 6.401746, 3.388732, 1.347353
0.357822, -0.570518, -0.269139, 6.364720, 3.447767, 1.375203
0.364187, -0.567071, -0.267764, 6.327028, 3.506457, 1.402915
0.370514, -0.563564, -0.266361, 6.288674, 3.564795, 1.430488
0.376803, -0.559999, -0.264930, 6.249661, 3.622775, 1.457917
0.383052, -0.556376, -0.263472, 6.209995, 3.680390, 1.485201
0.389262, -0.552696, -0.261987, 6.169677, 3.737635, 1.512336
0.395432, -0.548958, -0.260475, 6.128713, 3.794504, 1.539320
0.401561, -0.545164, -0.258936, 6.087106, 3.850990, 1.566149
0.407648, -0.541313, -0.257369, 6.044860, 3.907088, 1.592821
0.413693, -0.537406, -0.255777, 6.001980, 3.962791, 1.619333
0.419695, -0.533443, -0.254157, 5.958469, 4.018094, 1.645682
0.425653, -0.529425, -0.252512, 5.914332, 4.072992, 1.671865
0.431568, -0.525352, -0.250840, 5.869573, 4.127477, 1.697881
0.437437, -0.521225, -0.249142, 5.824197, 4.181545, 1.723725
0.443261, -0.517043, -0.247418, 5.778207, 4.235190, 1.749395
0.449040, -0.512808, -0.245669, 5.731609, 4.288405, 1.774889
0.454771, -0.508519, -0.243894, 5.684407, 4.341186, 1.800203
0.460456, -0.504178, -0.242094, 5.636605, 4.393527, 1.825336
0.466092, -0.499785, -0.240268, 5.588209, 4.445421, 1.850284
0.471680, -0.495339, -0.238418, 5.539223, 4.496864, 1.875045
0.477220, -0.490842, -0.236543, 5.489652, 4.547851, 1.899615
0.482709, -0.486295, -0.234643, 5.439501, 4.598374, 1.923994
0.488149, -0.481696, -0.232719, 5.388775, 4.648430, 1.948177
0.493538, -0.477048, -0.230771, 5.337478, 4.698013, 1.972163
0.498875, -0.472350, -0.228799, 5.285616, 4.747117, 1.995948
0.504161, -0.467603, -0.226803, 5.233195, 4.795737, 2.019530
0.509394, -0.462807, -0.224784, 5.180219, 4.843868, 2.042907
0.514574, -0.457963, -0.222741, 5.126693, 4.891506, 2.066077
0.519701, -0.453071, -0.220675, 5.072623, 4.938643, 2.089036
0.524773, -0.448133, -0.218586, 5.018015, 4.985276, 2.111782
0.529791, -0.443148, -0.216474, 4.962873, 5.031400, 2.134313
0.534754, -0.438116, -0.214339, 4.907203, 5.077009, 2.156626
0.539661, -0.433039, -0.212183, 4.851012, 5.122099, 2.178720
0.544512, -0.427917, -0.210004, 4.794304, 5.166664, 2.200591
0.549307, -0.422750, -0.207803, 4.737085, 5.210700, 2.222237
0.554044, -0.417540, -0.205581, 4.679361, 5.254203, 2.243655
0.558723, -0.412285, -0.203338, 4.621137, 5.297166, 2.264845
0.563344, -0.406988, -0.201073, 4.562420, 5.339586, 2.285802
0.567907, -0.401649, -0.198787, 4.503216, 5.381458, 2.306526
0.572410, -0.396267, -0.196480, 4.443530, 5.422777, 2.327013
0.576853, -0.390845, -0.194153, 4.383369, 5.463539, 2.347262
0.581237, -0.385381, -0.191806, 4.322738, 5.503739, 2.367270
0.585560, -0.379877, -0.189439, 4.261644, 5.543374, 2.387035
0.589821, -0.374334, -0.187052, 4.200093, 5.582437, 2.406555
0.594021, -0.368751, -0.184645, 4.138091, 5.620926, 2.425827
0.598159, -0.363130, -0.182219, 4.075645, 5.658836, 2.444851
0.602235, -0.357472, -0.179775, 4.012760, 5.696163, 2.463622
0.606248, -0.351775, -0.177311, 3.949444, 5.732903, 2.482141
0.610197, -0.346043, -0.174829, 3.885702, 5.769051, 2.500404
0.614083, -0.340274, -0.172328, 3.821541, 5.804603, 2.518409
0.617905, -0.334469, -0.169810, 3.756968, 5.839556, 2.536154
0.621661, -0.328629, -0.167274, 3.691990, 5.873906, 2.553639
0.625353, -0.322755, -0.164720, 3.626612, 5.907648, 2.570859
0.628980, -0.316848, -0.162149, 3.560842, 5.940780, 2.587815
0.632541, -0.310907, -0.159562, 3.494686, 5.973297, 2.604503
0.636036, -0.304934, -0.156957, 3.428152, 6.005195, 2.620922
0.639464, -0.298929, -0.154336, 3.361245, 6.036472, 2.637070
0.642825, -0.292892, -0.151699, 3.293974, 6.067123, 2.652945
0.646119, -0.286825, -0.149046, 3.226344, 6.097145, 2.668546
0.649345, -0.280728, -0.146378, 3.158363, 6.126535, 2.683870
0.652504, -0.274601, -0.143694, 3.090037, 6.155289, 2.698917
0.655594, -0.268446, -0.140995, 3.021375, 6.183405, 2.713684
0.658615, -0.262263, -0.138281, 2.952382, 6.210878, 2.728169
0.661567, -0.256052, -0.135553, 2.883066, 6.237706, 2.742372
0.664451, -0.249814, -0.132811, 2.813435, 6.263885, 2.756290
0.667264, -0.243550, -0.130054, 2.743495, 6.289413, 2.769922
0.670007, -0.237261, -0.127284, 2.673254, 6.314287, 2.783266
0.672681, -0.230946, -0.124501, 2.602718, 6.338503, 2.796321
0.675283, -0.224608, -0.121705, 2.531896, 6.362059, 2.809085
0.677815, -0.218246, -0.118896, 2.460794, 6.384953, 2.821557
0.680276, -0.211861, -0.116074, 2.389421, 6.407181, 2.833735
0.682666, -0.205454, -0.113240, 2.317783, 6.428741, 2.845618
0.684983, -0.199025, -0.110395, 2.245888, 6.449631, 2.857205
0.687229, -0.192575, -0.107538, 2.173743, 6.469847, 2.868494
0.689403, -0.186106, -0.104669, 2.101356, 6.489388, 2.879484
0.691504, -0.179616, -0.101790, 2.028735, 6.508251, 2.890174
0.693533, -0.173108, -0.098899, 1.955887, 6.526434, 2.900563
0.695489, -0.166581, -0.095999, 1.882819, 6.543935, 2.910648
0.697372, -0.160037, -0.093088, 1.809540, 6.560752, 2.920430
0.699181, -0.153477, -0.090168, 1.736057, 6.576882, 2.929906
0.700917, -0.146900, -0.087238, 1.662378, 6.592324, 2.939077
0.702580, -0.140308, -0.084299, 1.588510, 6.607075, 2.947940
0.704168, -0.133700, -0.081351, 1.514461, 6.621135, 2.956494
0.705683, -0.127079, -0.078394, 1.440240, 6.634501, 2.964740
0.707123, -0.120445, -0.075430, 1.365853, 6.647171, 2.972675
0.708489, -0.113798, -0.072457, 1.291309, 6.659144, 2.980298
0.709780, -0.107139, -0.069477, 1.216616, 6.670419, 2.987609
0.710997, -0.100468, -0.066489, 1.141781, 6.680994, 2.994608
0.712139, -0.093787, -0.063494, 1.066812, 6.690867, 3.001292
0.713205, -0.087096, -0.060493, 0.991717, 6.700037, 3.007661
0.714197, -0.080396, -0.057485, 0.916505, 6.708504, 3.013715
0.715114, -0.073688, -0.054472, 0.841183, 6.716265, 3.019453
0.715955, -0.066971, -0.051452, 0.765759, 6.723321, 3.024873
0.716721, -0.060248, -0.048427, 0.690240, 6.729669, 3.029976
0.717411, -0.053518, -0.045397, 0.614637, 6.735309, 3.034760
0.718025, -0.046783, -0.042363, 0.538955, 6.740240, 3.039225
0.718564, -0.040043, -0.039323, 0.463203, 6.744461, 3.043370
0.719028, -0.033298, -0.036280, 0.387390, 6.747972, 3.047196
0.719415, -0.026550, -0.033233, 0.311522, 6.750772, 3.050700
0.719726, -0.019800, -0.030182, 0.235609, 6.752861, 3.053884
0.719962, -0.013047, -0.027128, 0.159659, 6.754237, 3.056746
0.720122, -0.006293, -0.024072, 0.083679, 6.754901, 3.059285
0.720205, 0.000462, -0.021012, 0.007678, 6.754852, 3.061503
0.720213, 0.007217, -0.017951, -0.068337, 6.754090, 3.063397
0.720145, 0.013971, -0.014887, -0.144357, 6.752615, 3.064969
0.720000, 0.020724, -0.011822, -0.220374, 6.750427, 3.066217
0.719780, 0.027474, -0.008756, -0.296379, 6.747526, 3.067142
0.719484, 0.034222, -0.005689, -0.372366, 6.743912, 3.067743
0.719111, 0.040966, -0.002621, -0.448325, 6.739585, 3.068020
0.718663, 0.047705, 0.000447, -0.524249, 6.734545, 3.067972
0.718139, 0.054440, 0.003515, -0.600129, 6.728793, 3.067601
0.717539, 0.061169, 0.006582, -0.675957, 6.722329, 3.066905
0.716863, 0.067891, 0.009649, -0.751726, 6.715153, 3.065885
0.716111, 0.074606, 0.012715, -0.827426, 6.707266, 3.064541
0.715283, 0.081313, 0.015780, -0.903050, 6.698669, 3.062873
0.714380, 0.088012, 0.018842, -0.978590, 6.689363, 3.060881
0.713402, 0.094701, 0.021903, -1.054038, 6.679347, 3.058564
0.712348, 0.101381, 0.024962, -1.129385, 6.668624, 3.055924
0.711218, 0.108049, 0.028018, -1.204624, 6.657194, 3.052960
0.710014, 0.114707, 0.031071, -1.279745, 6.645057, 3.049672
0.708734, 0.121352, 0.034120, -1.354742, 6.632216, 3.046062
0.707379, 0.127984, 0.037167, -1.429606, 6.618671, 3.042128
0.705950, 0.134603, 0.040209, -1.504329, 6.604424, 3.037872
0.704445, 0.141207, 0.043247, -1.578903, 6.589475, 3.033294
0.702866, 0.147796, 0.046280, -1.653320, 6.573827, 3.028394
0.701213, 0.154370, 0.049308, -1.727572, 6.557481, 3.023173
0.699486, 0.160928, 0.052331, -1.801650, 6.540438, 3.017631
0.697684, 0.167468, 0.055349, -1.875548, 6.522700, 3.011769
0.695808, 0.173991, 0.058361, -1.949256, 6.504269, 3.005586
0.693859, 0.180495, 0.061366, -2.022767, 6.485146, 2.999085
0.691836, 0.186980, 0.064365, -2.096073, 6.465334, 2.992265
0.689740, 0.193446, 0.067358, -2.169166, 6.444834, 2.985127
0.687571, 0.199890, 0.070343, -2.242038, 6.423649, 2.977671
0.685329, 0.206314, 0.073321, -2.314681, 6.401780, 2.969900
0.683014, 0.212716, 0.076290, -2.387087, 6.379230, 2.961812
0.680627, 0.219095, 0.079252, -2.459249, 6.356001, 2.953410
0.678168, 0.225451, 0.082206, -2.531158, 6.332096, 2.944693
0.675637, 0.231783, 0.085150, -2.602807, 6.307516, 2.935663
0.673034, 0.238091, 0.088086, -2.674188, 6.282264, 2.926321
0.670360, 0.244373, 0.091012, -2.745293, 6.256344, 2.916667
0.667615, 0.250629, 0.093929, -2.816115, 6.229756, 2.906703
0.664798, 0.256859, 0.096836, -2.886645, 6.202505, 2.896429
0.661912, 0.263062, 0.099732, -2.956877, 6.174594, 2.885847
0.658955, 0.269236, 0.102618, -3.026802, 6.146023, 2.874958
0.655928, 0.275382, 0.105493, -3.096413, 6.116798, 2.863762
0.652832, 0.281499, 0.108357, -3.165702, 6.086921, 2.852262
0.649666, 0.287586, 0.111209, -3.234662, 6.056395, 2.840457
0.646431, 0.293642, 0.114049, -3.303286, 6.025222, 2.828350
0.643128, 0.299668, 0.116878, -3.371564, 5.993408, 2.815942
0.639757, 0.305661, 0.119694, -3.439492, 5.960954, 2.803233
0.636317, 0.311622, 0.122497, -3.507060, 5.927864, 2.790225
0.632810, 0.317550, 0.125287, -3.574262, 5.894141, 2.776921
0.629236, 0.323444, 0.128064, -3.641090, 5.859790, 2.763319
0.625595, 0.329304, 0.130827, -3.707537, 5.824813, 2.749424
0.621887, 0.335129, 0.133577, -3.773595, 5.789215, 2.735235
0.618113, 0.340918, 0.136312, -3.839258, 5.752998, 2.720754
0.614274, 0.346671, 0.139033, -3.904519, 5.716168, 2.705983
0.610370, 0.352387, 0.141739, -3.969369, 5.678728, 2.690924
0.606400, 0.358066, 0.144430, -4.033803, 5.640681, 2.675577
0.602367, 0.363706, 0.147105, -4.097813, 5.602032, 2.659945
0.598269, 0.369308, 0.149765, -4.161392, 5.562785, 2.644030
0.594107, 0.374871, 0.152409, -4.224533, 5.522944, 2.627832
0.589883, 0.380394, 0.155037, -4.287229, 5.482514, 2.611353
0.585596, 0.385877, 0.157648, -4.349474, 5.441498, 2.594597
0.581246, 0.391318, 0.160243, -4.411260, 5.399901, 2.577563
0.576835, 0.396718, 0.162821, -4.472581, 5.357727, 2.560254
0.572362, 0.402076, 0.165381, -4.533431, 5.314982, 2.542672
0.567829, 0.407391, 0.167924, -4.593802, 5.271668, 2.524818
0.563235, 0.412662, 0.170448, -4.653688, 5.227792, 2.506695
0.558581, 0.417890, 0.172955, -4.713082, 5.183358, 2.488305
0.553868, 0.423074, 0.175443, -4.771978, 5.138370, 2.469649
0.549096, 0.428212, 0.177913, -4.830369, 5.092833, 2.450730
0.544266, 0.433305, 0.180364, -4.888250, 5.046753, 2.431549
0.539378, 0.438351, 0.182795, -4.945614, 5.000133, 2.412108
0.534432, 0.443352, 0.185207, -5.002454, 4.952980, 2.392410
0.529430, 0.448305, 0.187600, -5.058764, 4.905299, 2.372457
0.524371, 0.453210, 0.189972, -5.114538, 4.857093, 2.352251
0.519256, 0.458067, 0.192325, -5.169771, 4.808369, 2.331793
0.514087, 0.462875, 0.194656, -5.224455, 4.759132, 2.311087
0.508862, 0.467634, 0.196967, -5.278586, 4.709387, 2.290135
0.503583, 0.472344, 0.199258, -5.332157, 4.659140, 2.268938
0.498251, 0.477003, 0.201526, -5.385162, 4.608395, 2.247499
0.492866, 0.481611, 0.203774, -5.437596, 4.557159, 2.225821
0.487429, 0.486169, 0.206000, -5.489452, 4.505436, 2.203905
0.481939, 0.490674, 0.208204, -5.540726, 4.453233, 2.181754
0.476398, 0.495127, 0.210385, -5.591411, 4.400555, 2.159370
0.470807, 0.499528, 0.212545, -5.641502, 4.347408, 2.136757
0.465165, 0.503875, 0.214682, -5.690994, 4.293797, 2.113915
0.459474, 0.508169, 0.216796, -5.739882, 4.239729, 2.090849
0.453735, 0.512409, 0.218886, -5.788159, 4.185209, 2.067559
0.447946, 0.516594, 0.220954, -5.835821, 4.130243, 2.044050
0.442111, 0.520724, 0.222998, -5.882862, 4.074837, 2.020322
0.436228, 0.524799, 0.225018, -5.929278, 4.018997, 1.996380
0.430298, 0.528818, 0.227015, -5.975063, 3.962729, 1.972225
0.424323, 0.532781, 0.228987, -6.020212, 3.906040, 1.947860
0.418303, 0.536687, 0.230935, -6.064721, 3.848935, 1.923287
0.412238, 0.540536, 0.232858, -6.108585, 3.791420, 1.898511
0.406130, 0.544327, 0.234757, -6.151798, 3.733502, 1.873532
0.399978, 0.548061, 0.236630, -6.194356, 3.675187, 1.848354
0.393784, 0.551736, 0.238478, -6.236256, 3.616482, 1.822979
0.387547, 0.555352, 0.240301, -6.277491, 3.557392, 1.797411
0.381270, 0.558910, 0.242099, -6.318058, 3.497924, 1.771652
0.374952, 0.562408, 0.243870, -6.357952, 3.438085, 1.745705
0.368594, 0.565846, 0.245616, -6.397169, 3.377882, 1.719572
0.362197, 0.569224, 0.247336, -6.435704, 3.317320, 1.693257
0.355761, 0.572541, 0.249029, -6.473554, 3.256406, 1.666762
0.349288, 0.575797, 0.250696, -6.510715, 3.195147, 1.640091
0.342777, 0.578992, 0.252336, -6.547182, 3.133549, 1.613246
0.336230, 0.582126, 0.253949, -6.582952, 3.071620, 1.586229
0.329647, 0.585198, 0.255535, -6.618020, 3.009366, 1.559045
0.323029, 0.588207, 0.257094, -6.652383, 2.946793, 1.531696
0.316376, 0.591154, 0.258626, -6.686038, 2.883909, 1.504185
0.309690, 0.594038, 0.260130, -6.718980, 2.820721, 1.476514
0.302971, 0.596858, 0.261607, -6.751206, 2.757235, 1.448688
0.296220, 0.599616, 0.263055, -6.782713, 2.693457, 1.420708
0.289437, 0.602309, 0.264476, -6.813498, 2.629396, 1.392579
0.282624, 0.604939, 0.265869, -6.843556, 2.565058, 1.364302
0.275780, 0.607504, 0.267233, -6.872885, 2.500450, 1.335882
0.268907, 0.610004, 0.268569, -6.901482, 2.435579, 1.307321
0.262006, 0.612440, 0.269876, -6.929344, 2.370452, 1.278622
0.255077, 0.614810, 0.271155, -6.956468, 2.305077, 1.249789
0.248120, 0.617115, 0.272405, -6.982850, 2.239459, 1.220825
0.241137, 0.619355, 0.273626, -7.008489, 2.173607, 1.191732
0.234129, 0.621528, 0.274817, -7.033381, 2.107528, 1.162514
0.227095, 0.623636, 0.275980, -7.057523, 2.041228, 1.133174
0.220038, 0.625677, 0.277113, -7.080915, 1.974716, 1.103716
0.212957, 0.627652, 0.278217, -7.103552, 1.907997, 1.074142
0.205853, 0.629560, 0.279291, -7.125432, 1.841080, 1.044455
0.198728, 0.631401, 0.280335, -7.146554, 1.773972, 1.014660
0.191581, 0.633175, 0.281350, -7.166915, 1.706679, 0.984759
0.184415, 0.634881, 0.282335, -7.186513, 1.639210, 0.954755
0.177228, 0.636521, 0.283289, -7.205345, 1.571572, 0.924652
0.170023, 0.638092, 0.284214, -7.223411, 1.503771, 0.894453
0.162799, 0.639596, 0.285109, -7.240708, 1.435816, 0.864161
0.155559, 0.641032, 0.285973, -7.257234, 1.367714, 0.833779
0.148301, 0.642399, 0.286806, -7.272988, 1.299471, 0.803312
0.141028, 0.643699, 0.287610, -7.287969, 1.231096, 0.772761
0.133740, 0.644930, 0.288383, -7.302174, 1.162596, 0.742131
0.126438, 0.646093, 0.289125, -7.315602, 1.093978, 0.711425
0.119123, 0.647187, 0.289836, -7.328252, 1.025250, 0.680646
0.111794, 0.648212, 0.290517, -7.340123, 0.956420, 0.649797
0.104454, 0.649168, 0.291167, -7.351214, 0.887493, 0.618882
0.097103, 0.650056, 0.291785, -7.361523, 0.818479, 0.587904
0.089741, 0.650874, 0.292373, -7.371049, 0.749384, 0.556867
0.082370, 0.651624, 0.292930, -7.379793, 0.680217, 0.525773
0.074991, 0.652304, 0.293456, -7.387752, 0.610984, 0.494627
0.067603, 0.652915, 0.293951, -7.394926, 0.541693, 0.463431
0.060208, 0.653457, 0.294414, -7.401315, 0.472351, 0.432189
0.052807, 0.653929, 0.294846, -7.406918, 0.402966, 0.400905
0.045400, 0.654332, 0.295247, -7.411735, 0.333546, 0.369581
0.037988, 0.654665, 0.295617, -7.415765, 0.264098, 0.338221
0.030572, 0.654930, 0.295955, -7.419008, 0.194629, 0.306829
0.023153, 0.655124, 0.296262, -7.421463, 0.125147, 0.275408
0.015732, 0.655249, 0.296537, -7.423132, 0.055659, 0.243961
0.008309, 0.655305, 0.296781, -7.424013, -0.013827, 0.212491
0.000885, 0.655291, 0.296994, -7.424106, -0.083303, 0.181003
-0.006540, 0.655208, 0.297175, -7.423413, -0.152763, 0.149499
-0.013963, 0.655055, 0.297324, -7.421933, -0.222198, 0.117983
-0.021385, 0.654833, 0.297442, -7.419667, -0.291601, 0.086458
-0.028805, 0.654541, 0.297529, -7.416614, -0.360965, 0.054928
-0.036221, 0.654180, 0.297583, -7.412776, -0.430283, 0.023396
-0.043634, 0.653750, 0.297607, -7.408153, -0.499546, -0.008135
-0.051042, 0.653250, 0.297599, -7.402746, -0.568748, -0.039661
-0.058445, 0.652682, 0.297559, -7.396556, -0.637881, -0.071179
-0.065841, 0.652044, 0.297488, -7.389582, -0.706937, -0.102685
-0.073231, 0.651337, 0.297385, -7.381828, -0.775910, -0.134176
-0.080613, 0.650561, 0.297251, -7.373292, -0.844791, -0.165649
-0.087986, 0.649716, 0.297085, -7.363978, -0.913574, -0.197100
-0.095350, 0.648803, 0.296888, -7.353885, -0.982251, -0.228527
-0.102704, 0.647820, 0.296660, -7.343015, -1.050815, -0.259924
-0.110047, 0.646770, 0.296400, -7.331369, -1.119258, -0.291290
-0.117378, 0.645650, 0.296109, -7.318950, -1.187573, -0.322621
-0.124697, 0.644463, 0.295786, -7.305757, -1.255754, -0.353913
-0.132003, 0.643207, 0.295432, -7.291794, -1.323791, -0.385164
-0.139295, 0.641883, 0.295047, -7.277062, -1.391679, -0.416369
-0.146572, 0.640491, 0.294630, -7.261562, -1.459410, -0.447526
-0.153833, 0.639032, 0.294183, -7.245297, -1.526977, -0.478631
-0.161079, 0.637505, 0.293704, -7.228268, -1.594373, -0.509681
-0.168307, 0.635911, 0.293195, -7.210478, -1.661590, -0.540672
-0.175517, 0.634249, 0.292654, -7.191928, -1.728622, -0.571602
-0.182709, 0.632521, 0.292082, -7.172621, -1.795461, -0.602466
-0.189882, 0.630725, 0.291480, -7.152559, -1.862100, -0.633262
-0.197035, 0.628863, 0.290847, -7.131744, -1.928532, -0.663987
-0.204166, 0.626934, 0.290183, -7.110180, -1.994750, -0.694637
-0.211277, 0.624940, 0.289488, -7.087868, -2.060747, -0.725208
-0.218364, 0.622879, 0.288763, -7.064811, -2.126517, -0.755699
-0.225429, 0.620752, 0.288007, -7.041012, -2.192051, -0.786104
-0.232470, 0.618560, 0.287221, -7.016473, -2.257344, -0.816422
-0.239487, 0.616303, 0.286405, -6.991198, -2.322388, -0.846649
-0.246478, 0.613981, 0.285558, -6.965189, -2.387177, -0.876782
-0.253443, 0.611593, 0.284681, -6.938449, -2.451703, -0.906817
-0.260382, 0.609142, 0.283774, -6.910982, -2.515960, -0.936752
-0.267293, 0.606626, 0.282838, -6.882791, -2.579942, -0.966583
-0.274175, 0.604046, 0.281871, -6.853878, -2.643640, -0.996307
-0.281029, 0.601402, 0.280875, -6.824247, -2.707049, -1.025921
-0.287853, 0.598695, 0.279849, -6.793902, -2.770163, -1.055423
-0.294647, 0.595925, 0.278793, -6.762846, -2.832974, -1.084808
-0.301410, 0.593092, 0.277709, -6.731083, -2.895475, -1.114073
-0.308141, 0.590197, 0.276594, -6.698616, -2.957661, -1.143217
-0.314840, 0.587239, 0.275451, -6.665448, -3.019525, -1.172234
-0.321505, 0.584219, 0.274279, -6.631585, -3.081060, -1.201124
-0.328137, 0.581138, 0.273078, -6.597029, -3.142260, -1.229882
-0.334734, 0.577996, 0.271848, -6.561784, -3.203118, -1.258505
-0.341296, 0.574793, 0.270589, -6.525854, -3.263629, -1.286991
-0.347822, 0.571529, 0.269303, -6.489244, -3.323785, -1.315337
-0.354311, 0.568206, 0.267987, -6.451958, -3.383581, -1.343539
-0.360763, 0.564822, 0.266644, -6.413999, -3.443011, -1.371595
-0.367177, 0.561379, 0.265272, -6.375372, -3.502068, -1.399501
-0.373552, 0.557877, 0.263873, -6.336082, -3.560746, -1.427255
-0.379888, 0.554316, 0.262445, -6.296132, -3.619038, -1.454855
-0.386184, 0.550697, 0.260990, -6.255527, -3.676940, -1.482296
-0.392440, 0.547020, 0.259508, -6.214272, -3.734445, -1.509576
-0.398654, 0.543286, 0.257999, -6.172372, -3.791547, -1.536693
-0.404827, 0.539494, 0.256462, -6.129830, -3.848240, -1.563644
-0.410956, 0.535646, 0.254898, -6.086653, -3.904519, -1.590425
-0.417043, 0.531741, 0.253308, -6.042843, -3.960377, -1.617034
-0.423086, 0.527781, 0.251691, -5.998408, -4.015809, -1.643469
-0.429084, 0.523765, 0.250047, -5.953350, -4.070808, -1.669726
-0.435038, 0.519694, 0.248378, -5.907676, -4.125371, -1.695803
-0.440945, 0.515569, 0.246682, -5.861390, -4.179490, -1.721697
-0.446807, 0.511390, 0.244960, -5.814497, -4.233160, -1.747406
-0.452621, 0.507156, 0.243213, -5.767004, -4.286376, -1.772926
-0.458388, 0.502870, 0.241440, -5.718914, -4.339133, -1.798256
-0.464107, 0.498531, 0.239641, -5.670233, -4.391425, -1.823392
-0.469777, 0.494139, 0.237818, -5.620967, -4.443246, -1.848332
-0.475398, 0.489696, 0.235970, -5.571120, -4.494591, -1.873074
-0.480969, 0.485202, 0.234097, -5.520699, -4.545456, -1.897615
-0.486490, 0.480656, 0.232199, -5.469709, -4.595834, -1.921952
-0.491960, 0.476060, 0.230277, -5.418156, -4.645722, -1.946084
-0.497378, 0.471415, 0.228331, -5.366044, -4.695113, -1.970006
-0.502744, 0.466719, 0.226361, -5.313381, -4.744003, -1.993718
-0.508057, 0.461975, 0.224367, -5.260171, -4.792387, -2.017217
-0.513318, 0.457183, 0.222350, -5.206420, -4.840260, -2.040500
-0.518524, 0.452343, 0.220310, -5.152134, -4.887617, -2.063564
-0.523676, 0.447455, 0.218246, -5.097320, -4.934453, -2.086409
-0.528773, 0.442521, 0.216160, -5.041982, -4.980764, -2.109030
-0.533815, 0.437540, 0.214051, -4.986128, -5.026544, -2.131427
-0.538802, 0.432513, 0.211919, -4.929763, -5.071791, -2.153596
-0.543731, 0.427442, 0.209766, -4.872893, -5.116498, -2.175536
-0.548604, 0.422325, 0.207590, -4.815524, -5.160661, -2.197244
-0.553420, 0.417164, 0.205393, -4.757663, -5.204276, -2.218718
-0.558177, 0.411960, 0.203174, -4.699316, -5.247339, -2.239957
-0.562877, 0.406713, 0.200934, -4.640489, -5.289845, -2.260956
-0.567517, 0.401423, 0.198673, -4.581188, -5.331791, -2.281716
