10.000000 10.000000 10.000000 10.000000 10.000000 10.000000 10.000000 10.000000 10.000000 10.000000 
10.000000 9.430922 8.971522 8.657852 8.515594 8.556904 8.772279 9.125364 9.557340 10.000000 
10.000000 8.971521 8.141321 7.576636 7.324941 7.406288 7.799628 8.436344 9.210082 10.000000 
10.000000 8.657852 7.576636 6.845711 6.527023 6.643176 7.161345 7.988442 8.986034 10.000000 
10.000000 8.515594 7.324941 6.527022 6.188443 6.329001 6.906343 7.814239 8.900757 10.000000 
10.000000 8.556904 7.406287 6.643176 6.329001 6.477296 7.041352 7.915530 8.953939 10.000000 
10.000000 8.772279 7.799628 7.161345 6.906343 7.041351 7.522564 8.258783 9.127726 10.000000 
10.000000 9.125365 8.436344 7.988442 7.814239 7.915530 8.258783 8.778481 9.388824 10.000000 
10.000000 9.557340 9.210082 8.986034 8.900757 8.953939 9.127726 9.388824 9.694412 10.000000 
10.000000 10.000000 10.000000 10.000000 10.000000 10.000000 10.000000 10.000000 10.000000 10.000000 
