10.000000 10.000000 10.000000 10.000000 10.000000 10.000000 10.000000 10.000000 10.000000 10.000000 
10.000000 9.485762 9.071234 8.790866 8.668179 8.711686 8.909170 9.225714 9.608949 10.000000 
10.000000 9.071234 8.323935 7.821363 7.605713 7.690051 8.049229 8.618366 9.303337 10.000000 
10.000000 8.790867 7.821363 7.174193 6.902882 7.020820 7.491209 8.227462 9.107889 10.000000 
10.000000 8.668178 7.605712 6.902881 6.615941 6.755100 7.275475 8.079806 9.035409 10.000000 
10.000000 8.711686 7.690051 7.020820 6.755100 6.898226 7.402948 8.173869 9.084251 10.000000 
10.000000 8.909170 8.049228 7.491208 7.275475 7.402949 7.830866 8.477736 9.237703 10.000000 
10.000000 9.225714 8.618367 8.227462 8.079805 8.173869 8.477736 8.933280 9.466349 10.000000 
10.000000 9.608950 9.303338 9.107889 9.035408 9.084250 9.237703 9.466349 9.733174 10.000000 
10.000000 10.000000 10.000000 10.000000 10.000000 10.000000 10.000000 10.000000 10.000000 10.000000 
