10.000000 10.000000 10.000000 10.000000 10.000000 10.000000 10.000000 10.000000 10.000000 10.000000 
10.000000 9.729347 9.517149 9.381784 9.332022 9.366069 9.471979 9.629667 9.814251 10.000000 
10.000000 9.517150 9.139650 8.899914 8.812920 8.874776 9.063719 9.343849 9.671074 10.000000 
10.000000 9.381784 8.899914 8.595317 8.486277 8.566919 8.808805 9.165897 9.582121 10.000000 
10.000000 9.332022 8.812920 8.486277 8.370897 8.459513 8.720819 9.105007 9.551880 10.000000 
10.000000 9.366068 8.874776 8.566919 8.459513 8.544866 8.792789 9.155967 9.577617 10.000000 
10.000000 9.471979 9.063718 8.808805 8.720819 8.792789 8.999233 9.300715 9.650200 10.000000 
10.000000 9.629667 9.343847 9.165897 9.105007 9.155967 9.300715 9.511591 9.755756 10.000000 
10.000000 9.814251 9.671073 9.582120 9.551880 9.577617 9.650200 9.755756 9.877878 10.000000 
10.000000 10.000000 10.000000 10.000000 10.000000 10.000000 10.000000 10.000000 10.000000 10.000000 
