10.000000 10.000000 10.000000 10.000000 10.000000 10.000000 10.000000 10.000000 10.000000 10.000000 
10.000000 9.581303 9.246580 9.025105 8.934627 8.978038 9.141139 9.393747 9.694796 10.000000 
10.000000 9.246580 8.646406 8.251940 8.093921 8.175648 8.469877 8.921666 9.457768 10.000000 
10.000000 9.025105 8.251940 7.747596 7.549888 7.660465 8.041929 8.622468 9.308217 10.000000 
10.000000 8.934626 8.093920 7.549887 7.341410 7.467396 7.884775 8.514454 9.254935 10.000000 
10.000000 8.978037 8.175646 7.660464 7.467396 7.592753 7.993348 8.592896 9.295091 10.000000 
10.000000 9.141139 8.469876 8.041928 7.884774 7.993348 8.330030 8.830498 9.414662 10.000000 
10.000000 9.393747 8.921666 8.622467 8.514453 8.592896 8.830498 9.181779 9.590742 10.000000 
10.000000 9.694796 9.457768 9.308217 9.254935 9.295091 9.414662 9.590743 9.795372 10.000000 
10.000000 10.000000 10.000000 10.000000 10.000000 10.000000 10.000000 10.000000 10.000000 10.000000 
