10.000000 10.000000 10.000000 10.000000 10.000000 10.000000 10.000000 10.000000 10.000000 10.000000 
10.000000 8.995894 8.240455 7.739804 7.477829 7.471554 7.764328 8.356754 9.155394 10.000000 
10.000000 8.240455 6.890917 5.980500 5.499738 5.487643 6.014956 7.072596 8.494471 10.000000 
10.000000 7.739804 5.980501 4.776528 4.133370 4.111471 4.801371 6.187043 8.042322 10.000000 
10.000000 7.477829 5.499738 4.133370 3.398256 3.374745 4.171210 5.747462 7.827618 10.000000 
10.000000 7.471554 5.487643 4.111471 3.374745 3.379579 4.220410 5.818758 7.878981 10.000000 
10.000000 7.764328 6.014956 4.801371 4.171210 4.220411 5.003442 6.417623 8.195013 10.000000 
10.000000 8.356755 7.072596 6.187043 5.747462 5.818759 6.417624 7.450537 8.721819 10.000000 
10.000000 9.155394 8.494471 8.042322 7.827619 7.878981 8.195013 8.721819 9.360909 10.000000 
10.000000 10.000000 10.000000 10.000000 10.000000 10.000000 10.000000 10.000000 10.000000 10.000000 
