10.000000 10.000000 10.000000 10.000000 10.000000 10.000000 10.000000 10.000000 10.000000 10.000000 
10.000000 9.623290 9.323700 9.127567 9.049882 9.091667 9.238823 9.463821 9.730397 10.000000 
10.000000 9.323700 8.787820 8.439226 8.303660 8.381417 8.645959 9.047504 9.521529 10.000000 
10.000000 9.127566 8.439225 7.994556 7.825023 7.928942 8.270536 8.785178 9.390411 10.000000 
10.000000 9.049881 8.303659 7.825023 7.646210 7.763170 8.135377 8.692097 9.344399 10.000000 
10.000000 9.091666 8.381416 7.928941 7.763169 7.878259 8.234140 8.762957 9.380505 10.000000 
10.000000 9.238822 8.645958 8.270535 8.135376 8.234140 8.532319 8.972929 9.486044 10.000000 
10.000000 9.463820 9.047503 8.785177 8.692096 8.762957 8.972929 9.281836 9.640813 10.000000 
10.000000 9.730397 9.521529 9.390410 9.344399 9.380505 9.486044 9.640813 9.820406 10.000000 
10.000000 10.000000 10.000000 10.000000 10.000000 10.000000 10.000000 10.000000 10.000000 10.000000 
