10.000000 10.000000 10.000000 10.000000 10.000000 10.000000 10.000000 10.000000 10.000000 10.000000 
10.000000 9.983585 9.971007 9.963289 9.960767 9.963128 9.969528 9.978745 9.989372 10.000000 
10.000000 9.971007 9.948792 9.935162 9.930707 9.934879 9.946182 9.962462 9.981231 10.000000 
10.000000 9.963289 9.935162 9.917904 9.912265 9.917548 9.931861 9.952474 9.976236 10.000000 
10.000000 9.960767 9.930707 9.912264 9.906240 9.911887 9.927184 9.949212 9.974606 10.000000 
10.000000 9.963128 9.934878 9.917547 9.911887 9.917196 9.931572 9.952272 9.976136 10.000000 
10.000000 9.969527 9.946182 9.931861 9.927184 9.931572 9.943453 9.960560 9.980280 10.000000 
10.000000 9.978745 9.962462 9.952474 9.949212 9.952272 9.960560 9.972491 9.986246 10.000000 
10.000000 9.989372 9.981231 9.976236 9.974606 9.976135 9.980280 9.986246 9.993123 10.000000 
10.000000 10.000000 10.000000 10.000000 10.000000 10.000000 10.000000 10.000000 10.000000 10.000000 
